313 1444
2.5695541333937633 -0.01631605873562389 176.89922870682383
49 1708
2.5666113649603464 -0.004420406823753078 179.7521262271977
1 1754
2.5795079072220912 0.04160506195232943 -179.564033607403
133 1624
2.5697870456047966 -0.030830847972515976 176.64542810930755
157 1600
2.5693124398966174 0.03338706471609719 177.5172630418355
103 1654
2.570152018898332 0.06798903337279286 179.9038481815831
488 809
2.590221375629852 0.05141766289255925 177.67348240719235
520 777
2.5418302138116786 0.019668147822456836 -179.40069224446302
507 790
2.58946553804524 0.13662166131827383 -178.74861452833952
478 819
2.5894087316294283 0.15912783767063893 -177.90384650215904
458 839
2.5729598791391832 0.15480965713325015 -179.5624975451098
578 718
2.5844147419041903 0.3167722175872746 -174.15890435483763
542 758
2.444914952527799 -0.43671713864649303 162.63617469826033
1048 1203
2.5811567861544082 -0.004300312061353103 178.38334059934016
1025 1226
2.5811393936455964 0.014233847564937799 179.3877427504501
1018 1233
2.581770760524902 0.06807044989822816 -179.09154196945363
985 1266
2.5809998867728807 0.16998695315426265 -176.7006332831994
1009 1241
2.6158997638207593 0.17024927390241723 -177.04493726594532
966 1285
2.588575093852536 0.15493628504480086 177.73483627986917
976 1275
2.581268254493943 0.18272405525027682 -177.11378578060905
960 1291
2.5848981846908146 0.14042632379741105 179.4499114677805
950 1301
2.55564734550086 0.22440098431896283 -171.34863393022022
1063 1184
2.55119603828605 0.10855743012355018 176.60693513249683
897 1352
2.6172898435180922 -0.025289120324191484 173.50623560532645