-8.11295545835 -0.00335385260495 0.549522413564
-8.10978136132 -0.00332379272918 0.55343616953
-8.09513809415 -0.00317990762861 0.56433878217
-8.08390596592 -0.00306951863591 0.586504651594
-8.05269641717 -0.00274856365562 0.589980588169
-8.01443844491 -0.0023564156072 0.591976109248
-7.97440068086 -0.00194076175448 0.595464812885
-7.93451400339 -0.00152550066951 0.597537846305
-7.89453346479 -0.00109685178304 0.627534549477
-7.85449475452 -0.000657824281167 0.628890133878
-7.81461705401 -0.000218844076811 0.638554000623
-7.77462687644 0.000240066445428 0.661099132561
-7.73459078372 0.00070261798897 0.662719696865
-7.69476130935 0.00117128090298 0.691774777534
-7.65472113534 0.00165525396746 0.693182871757
-7.61468437128 0.00214056483775 0.696573503406
-7.57485337047 0.00263932348667 0.72417883663
-7.53481716145 0.00314587822359 0.725590363955
-7.494839692 0.00365677865768 0.754997620905
-7.45494997715 0.00418352383562 0.757258692279
-7.4149144877 0.0047134403011 0.759419071978
-7.37493554193 0.0052555522919 0.789013452033
-7.33504892664 0.00580465047904 0.790537554465
-7.29503089422 0.00635836012195 0.803236103063
-7.25503187375 0.00693058968494 0.82103928744
-7.21514725781 0.00750276537207 0.822710793682
-7.17516912062 0.00808547801077 0.851589497953
-7.1351308947 0.0086811020991 0.852952690747
-7.09524577262 0.00927585611028 0.856817182052
-7.05526673648 0.00988884462594 0.884354423146
-7.01523230448 0.0105073283736 0.885780990048
-6.97540712249 0.0111283273895 0.915348425603
-6.9353684591 0.0117688486783 0.917211261019
-6.89533442606 0.0124105629853 0.919524824639
-6.85550761215 0.0130616781479 0.948937910438
-6.81547273447 0.0137252634571 0.95027298516
-6.77546824198 0.0143907614063 0.967508080286
-6.73560931684 0.0150723582883 0.980610322424
-6.69557654246 0.015758207956 0.982356425107
-6.6556001432 0.0164529454014 1.01101982023
-6.61571411044 0.0171573004623 1.01234403926
-6.57568157713 0.0178657136672 1.01693893018
-6.53570412624 0.0185906521354 1.0438008067
-6.49582168586 0.0193178175875 1.04524746997
-6.45584865586 0.0200531205601 1.07481063995
-6.41581188189 0.0208049269554 1.07644343497
-6.37592952662 0.0215551041764 1.07891374325
-6.33595497839 0.0223203579277 1.1079980743
-6.29592243576 0.0230950734489 1.10932633749
-6.25608129411 0.0238689950722 1.13063751475
-6.21606338832 0.0246644467527 1.1394655566
-6.17603265064 0.0254613099767 1.1412877528
-6.13620815496 0.0262644900505 1.16970983849
-6.09617470589 0.0270823612149 1.1710267812
-6.0561459973 0.0279017081937 1.17668950783
-6.01631288773 0.0284847703773 0.31947672911
-5.97627422325 0.0287044145438 0.31564946096
-5.93629352455 0.0289320882338 0.342297446205
-5.89640025825 0.0291711646746 0.344148786163
-5.85636248762 0.0294130606383 0.348329558309
-5.81638165904 0.0296704044174 0.375671086648
-5.77649257575 0.0299325409346 0.377833143644
-5.73651395707 0.0302015183063 0.406303227267
-5.69647317743 0.0304875742529 0.410634496987
-5.65658561514 0.0307747956616 0.413992795754
-5.61660736456 0.0310766834431 0.445393364802
-5.576566495 0.0313889527192 0.448299074386
-5.53669566035 0.0317033248827 0.464788246263
-5.49669894989 0.0320400739149 0.484899014245
-5.45666144812 0.0323799568292 0.488040538808
-5.41683565685 0.0327298312856 0.52274081178
-5.37679354311 0.0330963136141 0.525899986252
-5.33675726374 0.0334654599124 0.531041005706
-5.29692864039 0.0338535309735 0.565917077709
-5.25689040207 0.0342498696735 0.568686569491
-5.21691662524 0.034653900262 0.606167229655
-5.17702536405 0.0350774772588 0.609462172817
-5.13698933492 0.0355046342887 0.613116544677
-5.09701400358 0.0359499423962 0.652733082183
-5.05712528268 0.0364050483434 0.65494996904
-5.01711694991 0.0368660921165 0.679506744172
-4.97711338611 0.0373528071791 0.699365143134
-4.93722779921 0.0378405478051 0.702230305297
-4.89725648191 0.0383444973553 0.745594335938
-4.85721681337 0.0388662402621 0.747487767424
-4.81733371386 0.0393882020225 0.753770224903
-4.77733264462 0.039922886014 0.613087026251
-4.73714472011 0.0399038774702 -0.340451474838
-4.69727642981 0.0396611620965 -0.373002617573
-4.65723568194 0.039398714651 -0.376162846476
-4.61719590734 0.0391355665687 -0.3787496338
-4.57732969033 0.0388560201264 -0.416111556606
-4.53728938566 0.0385648645576 -0.41714260799
-4.49723881793 0.0382701719158 -0.441409834656
-4.45738503428 0.0379517890098 -0.46050289222
-4.41734686802 0.0376296301759 -0.46253563322
-4.37733730888 0.0372931840588 -0.50664990319
-4.3374457552 0.0369399280409 -0.507862803125
-4.29739905732 0.0365838424282 -0.516872353398
-4.25739923235 0.0362005194441 -0.557459382195
-4.21751118705 0.0358120375117 -0.559192286097
-4.17750819805 0.0354126507306 -0.608149405469
-4.13746785601 0.034986269574 -0.610643359527
-4.0975791505 0.0345605610339 -0.614566770603
-4.05758129638 0.0341089968813 -0.665445753379
-4.01754295042 0.033643605239 -0.666712209497
-3.97765407662 0.0331752410686 -0.701348846118
-3.93766105983 0.0326713828594 -0.724808174814
-3.89762466704 0.0321642630252 -0.727812157956
-3.85778670933 0.0316400689913 -0.78576514784
-3.81774767762 0.0310899179996 -0.78836427979
-3.77769807182 0.0305377708562 -0.800713870801
-3.73787763543 0.029952406664 -0.852664175936
-3.69784191766 0.0293557893664 -0.855634110822
-3.65786566749 0.028747210745 -0.918404156426
-3.61797782003 0.0281060025322 -0.922321104531
-3.57794013767 0.0274607824054 -0.926976152059
-3.53797263743 0.0267853276145 -0.99159425984
-3.49808729636 0.0260941193587 -0.994489692645
-3.45806790546 0.0253945218665 -1.03785464358
-3.41808799819 0.0246530563889 -1.06564369316
-3.37820419354 0.0239104929794 -1.06883555849
-3.33824289842 0.0231431372221 -1.1369474053
-3.2982084893 0.0223477376322 -1.13938289238
-3.25830783843 0.0215527833926 -1.15504593303
-3.21836407998 0.0207160913638 -1.21043175599
-3.17833266727 0.0198696144047 -1.2131392137
-3.13852278448 0.0190131442203 -1.28081335084
-3.0984903048 0.0181166832698 -1.28376341261
-3.05845608776 0.0172188971071 -1.28907114738
-3.01865104996 0.0162925906834 -1.35499086471
-2.97863242563 0.0153490892544 -1.26957648611
-2.93884911667 0.0148949963902 -0.205638675187
-2.8989571334 0.0147493783523 -0.210071851661
-2.85891809622 0.0146025989711 -0.211178966155
-2.81892269588 0.0144479628865 -0.228482354707
-2.77903097367 0.0142883861449 -0.229784604968
-2.73899918737 0.0141263805201 -0.241589799761
-2.69899232133 0.0139504725875 -0.254225876691
-2.65910320813 0.0137731767472 -0.255481455454
-2.6191092816 0.0135871674834 -0.281797365166
-2.57906623156 0.0133891686456 -0.28399819822
-2.53917682168 0.0131904763672 -0.289719381668
-2.49918105273 0.0129744612877 -0.316038846626
-2.45914102864 0.0127525369925 -0.319134393229
-2.41929692998 0.012525371827 -0.348412504168
-2.37925435108 0.0122795567029 -0.353408921555
-2.33921586849 0.012031819287 -0.357097090742
-2.29937025631 0.011769074711 -0.388146786756
-2.25932950462 0.0114973478599 -0.389402893691
-2.21930436603 0.0112226996621 -0.409840425643
-2.17944455166 0.0109282300251 -0.425832836653
-2.13940634795 0.0106303254555 -0.428169540305
-2.09941376577 0.0103200343677 -0.464510267272
-2.05952125246 0.0099951895283 -0.468068019416
-2.0194822073 0.00966707102389 -0.475191693476
-1.9794889384 0.00931599398265 -0.510237820793
-1.93960011221 0.00895974645332 -0.51331823112
-1.89960971327 0.00859382305967 -0.553306357443
-1.85956741747 0.00820515621332 -0.557656685121
-1.819679952 0.00781611450271 -0.561642468125
-1.77968871008 0.00740509560206 -0.603848106613
-1.73964910911 0.00698191149188 -0.607052556336
-1.69978297512 0.00655497282584 -0.638090664084
-1.65976836324 0.00610007038046 -0.652974019858
-1.61973161753 0.00564349994556 -0.654506287633
-1.57989301467 0.00517299104984 -0.700534763462
-1.53985277712 0.00468288849233 -0.701837867784
-1.49981536609 0.00419137118942 -0.710974853287
-1.45997785046 0.00367221441906 -0.75359105084
-1.41994147847 0.00314495988802 -0.756070554548
-1.37995809593 0.0026070119436 -0.806887962972
-1.34006763693 0.00204344783382 -0.810828535906
-1.30003179009 0.00147604250168 -0.8150586814
-1.26004906889 0.000882799622209 -0.867832519697
-1.22016212496 0.000277484011137 -0.870958100359
-1.18015944043 -0.000334932586793 -0.915156384765
-1.14014472974 -0.000983151992175 -0.930491150334
-1.10026022806 -0.00163167441806 -0.93364914198
-1.06028194159 -0.00230279779297 -0.989698086535
-1.02024594702 -0.00299507457213 -0.990850417759
-0.980360904368 -0.00368598506122 -1.00285637904
-0.940386463261 -0.00441571242375 -1.0544165164
-0.900352993601 -0.00515317307396 -1.05706045686
-0.860533086476 -0.00590070680707 -1.11964886358
-0.820496661412 -0.00668484360869 -1.12346172176
-0.780463216589 -0.00747059410092 -1.12776248977
-0.740646219072 -0.00828456624856 -1.1920660997
-0.70061359216 -0.0091185178348 -1.19509902956
-0.6606321142 -0.00995809229046 -1.2540867215
-0.620766465923 -0.0108378579078 -1.26630773331
-0.580736066427 -0.0117234245018 -1.26941914378
-0.540776733673 -0.0126330292389 -1.33937101837
-0.500894881897 -0.0135666923907 -1.34261785848
-0.46086597341 -0.0145061744633 -1.36009128808
-0.420908617461 -0.0154891606277 -1.41839009099
-0.381030546712 -0.0164773214098 -1.42126093596
-0.341079450285 -0.0174847627268 -1.49535720347
-0.301049871928 -0.0185312242738 -1.4986696086
-0.261171877768 -0.0195751848192 -1.50349181179
-0.221224065383 -0.020659703756 -1.57717960595
-0.181198353632 -0.0217623356464 -1.57957598064
-0.141390465427 -0.0228675034186 -1.64941012391
-0.1013749359 -0.0240245761305 -1.65759024018
-0.0613513466734 -0.0251834828037 -1.66080242868
-0.0215563791201 -0.0263651312541 -1.73581811899
0.0184674221018 -0.0275787699781 -1.73819712596
0.0584854618567 -0.0287949083025 -1.76409825837
0.0982838970815 -0.0300526267717 -1.81602378196
0.138303941186 -0.0313222093504 -1.81881241989
0.178245348121 -0.0326094472035 -1.89359933267
0.218116584786 -0.0339288031876 -1.89641582496
0.258136609216 -0.0352546538204 -1.90216485425
0.298075278408 -0.0366187779528 -1.97437352594
0.337942231814 -0.0379936648164 -1.9767690867
0.377882870115 -0.0393819194989 -2.04963209925
0.417897457509 -0.040816479453 -2.05430076653
0.457754031525 -0.0422435865848 -1.97627984979
0.497616941566 -0.0433348834849 -1.42128804566
0.537646424904 -0.0443295433402 -1.42385872193
0.577381464551 -0.0452766581097 -1.07745846801
0.617299785831 -0.0459346351939 -0.93451612427
0.657333908506 -0.0465877165975 -0.935268511058
0.697153438994 -0.0472495271204 -0.973847264466
0.737191385084 -0.0479307389459 -0.975841169951
0.777220128292 -0.0486129269251 -0.979624465479
0.817049188522 -0.0493074481092 -1.00629344705
0.857082502783 -0.0500108778784 -1.00714379521
0.897052351118 -0.0507201478727 -1.04369932913
0.936940355166 -0.05144752253 -1.04586319675
0.9769723826 -0.0521785266516 -1.04687830683
1.01694521393 -0.0529209508842 -1.07610871903
1.05682857042 -0.0536705202275 -1.07718356626
1.09680843172 -0.0544238060824 -1.10423245866
1.13683521777 -0.0551960019648 -1.10759008668
1.17671666124 -0.0559669080623 -1.108442315
1.21666794904 -0.0567596492874 -1.16835158769
1.25670176807 -0.0575767093438 -1.16987808692
1.29657039714 -0.0583916401683 -1.1789848493
1.3365332836 -0.059244788569 -1.23197430156
1.37646562487 -0.0597797433777 -0.480356828674
1.41629009209 -0.0601222940098 -0.512327750362
1.4563327456 -0.060481101464 -0.514603200585
1.49636901017 -0.0608408689543 -0.515879602947
1.536196553 -0.0612104001762 -0.537808967747
1.57623474069 -0.0615860270671 -0.539162073769
1.61620347179 -0.0619663781357 -0.571961861608
1.6560941284 -0.0623650803895 -0.574011627365
1.6961309377 -0.062766324297 -0.574705070319
1.73610385682 -0.0631762827016 -0.597895251652
1.77599330249 -0.0635926756667 -0.599827732258
1.8159905869 -0.0640123219347 -0.618067227399
1.8559940303 -0.0644521431167 -0.632867501621
1.89588085568 -0.0648929206111 -0.633619182658
1.93585000746 -0.0653404966355 -0.657513073686
1.97589189929 -0.0658010783909 -0.659914635295
2.01577662345 -0.066260448429 -0.661579940971
2.05574810315 -0.0667347724641 -0.686323240592
2.09578505128 -0.067214128909 -0.687973933116
2.13559933612 -0.0676987237631 -0.731629905217
2.1756421155 -0.0682111824287 -0.734590279877
2.21567741426 -0.0687246747521 -0.735384871426
2.25549460239 -0.0692460295417 -0.760087822397
2.29553234547 -0.0697778494301 -0.761547769388
2.33552832489 -0.0703101672873 -0.780485549987
2.37538575951 -0.0708541209335 -0.784768724776
2.41542127281 -0.0714027185099 -0.785571010119
2.4553892829 -0.0719578269362 -0.809428470436
2.49527879328 -0.0725216234474 -0.81188788545
2.5353104078 -0.0730889095976 -0.814394893305
2.5752654642 -0.0736738876753 -0.845080466846
2.61515103448 -0.0742625459441 -0.846042653117
2.65511775703 -0.0748559330444 -0.870220007677
2.69515714356 -0.0754648228864 -0.872386930705
2.73504146163 -0.0760721501421 -0.873191210068
2.77501043762 -0.0766918309144 -0.897605724599
2.81504649246 -0.0773190506526 -0.899315224883
2.85485830677 -0.077946280679 -0.935473104553
2.89488663367 -0.0786106194396 -0.953660343149
2.93491988347 -0.0792771982972 -0.954397664033
2.97473286846 -0.0799483612497 -0.978855337298
3.01476954501 -0.0806332500299 -0.980737988823
3.05479699966 -0.0813185817213 -0.984473422353
3.09462186291 -0.0820141832129 -1.00670801021
3.13465540878 -0.0827179542811 -1.00763397995
3.17461960143 -0.0834255415443 -1.0310928015
3.2145074585 -0.084143712651 -1.03377369123
3.25453985795 -0.0848660283542 -1.03462030039
3.29448708975 -0.0856110929006 -1.08723056269
3.33429554302 -0.0859989808397 -0.256841433148
3.3742965189 -0.0861801843046 -0.272838022468
3.41433893181 -0.0863714191675 -0.275248728316
3.45421352089 -0.0864872491224 0.250123528441
3.49423007393 -0.0862285180192 0.401022854369
3.53427016646 -0.08594700853 0.404292412113
3.57418006801 -0.0856632971655 0.416636647712
3.61416265915 -0.0853581930546 0.447430731427
3.65420187556 -0.0850443968318 0.450332431422
3.69406819105 -0.0847243111584 0.484648574387
3.73409101277 -0.0843799280842 0.494148489855
3.77413353908 -0.084033090836 0.499277793204
3.81397353328 -0.0836696380105 0.539863928051
3.85401363749 -0.0832918676133 0.541730588031
3.89407124326 -0.082908969419 0.560103807607
3.93389358864 -0.0825031864737 0.587709036997
3.97393190827 -0.0820914291866 0.590849795257
4.0139156157 -0.081666101942 0.636574903962
4.05380621523 -0.0812228460241 0.637008530334
4.09366010276 -0.0805766892012 1.46920303872
4.1335590821 -0.0794646699124 1.61864058833
4.17343329081 -0.0783373247269 1.61988079407
4.21340379225 -0.0772045928441 1.64428619279
4.25339569021 -0.0760476527433 1.65766172237
4.29327063955 -0.0748927309582 1.66084757762
4.33323010883 -0.0737261268481 1.6864936677
4.37322658921 -0.0725320425588 1.87247353201
4.41293417469 -0.070786558469 2.84125605573
4.45287191505 -0.068793266312 2.86305709828
4.49286347481 -0.0667925282632 2.86570557052
4.53261285304 -0.0647966082212 2.90575136209
4.57260346928 -0.0627666894775 2.90589451945
4.61261456234 -0.0607324694414 2.91900927797
4.65236351708 -0.0586895663226 2.95779492079
4.69235115707 -0.0566227253938 2.95939595358
4.73231972395 -0.0545497728944 2.98995655571
4.77210710299 -0.0524581066044 3.01069969709
4.81211187488 -0.0503522981833 3.02173738396
4.85200852799 -0.0482334411557 3.06295386248
4.89184297212 -0.0461013230756 3.06402190602
4.93184554184 -0.0439552105298 3.07963205799
4.97174148703 -0.0417886833341 3.11583172962
5.01157734912 -0.0396193189577 3.11983507186
5.0514849799 -0.0374322687408 3.16801110446
5.09146588085 -0.0352188920028 3.16875590143
5.13131777183 -0.0330092749042 3.18217140085
5.17120631017 -0.0307746517073 3.22087858605
5.21118416505 -0.028524196876 3.22266063104
5.25097758969 -0.0262762617881 3.25882509997
5.29091942607 -0.0239923116526 3.27360729672
5.33091548959 -0.0217026059715 3.28537970583
5.37065083137 -0.0194084787758 3.32565213461
5.41063825683 -0.0170878519026 3.23912321302
5.45071393068 -0.0152792950292 1.85695792478
5.49058579202 -0.0142026327846 1.48555804419
5.53061397802 -0.0131636829597 1.48864886786
5.5705660605 -0.0121084103907 1.54042441431
5.61044391531 -0.011035783327 1.54121828815
5.65049251152 -0.00995519763036 1.55634040389
5.69042479053 -0.00884875485378 1.59651067478
5.7303000433 -0.00773655575213 1.59835422158
5.77025279267 -0.0066102844158 1.6513128021
5.81027819958 -0.00545561328529 1.65288390283
5.85016966613 -0.00430298493605 1.66349998111
5.89010418471 -0.00312380807341 1.70812929332
5.93012718782 -0.00192951884854 1.70950512501
5.96997909698 -0.00073453101688 1.74276299884
6.00995152107 0.00049575871975 1.76450973096
6.04997600021 0.00172974724474 1.76835883802
6.08977165198 0.00297644975048 1.81986928544
6.12979319788 0.00424840192835 1.82083010295
6.16983414201 0.00552471251757 1.83680588331
6.20961261286 0.00682214917215 1.87580680275
6.24963169899 0.00813358862069 1.87779102042
6.28957734249 0.0094559060429 1.93079042498
6.32944711604 0.0108004905234 1.93199139308
6.36948594782 0.0121528288226 1.94423678025
6.40941045361 0.0135274229221 1.98709143215
6.44927717449 0.0149113627396 1.98843071332
6.48925495319 0.0163058851917 2.02843050943
6.5292382871 0.0177316606416 2.0432885974
6.56910800542 0.0191551881349 2.04788966454
6.60904554763 0.0206021536681 2.09865701744
6.64905956516 0.0220687385315 2.09955226993
6.68894086957 0.0235345144887 2.11668477714
6.72886571439 0.0250319121441 2.15422028396
6.76887835506 0.0265378825373 2.15648602021
6.80866638128 0.0280498727435 2.20927026163
6.84867921281 0.0295939063313 2.21032968855
6.88879794092 0.031050845953 1.61509363253
6.92868587769 0.0318061335118 0.886473444993
6.96872042332 0.0324263090684 0.887831328839
7.00868485035 0.0330554293373 0.942212233688
7.04868230218 0.0333094512478 -0.0707697666315
7.0887209213 0.0332604498041 -0.0718158121496
7.1287188614 0.033208466748 -0.0767268115218
7.16860869679 0.0331549338396 -0.0771042826554
7.20860695089 0.0331008019028 -0.0820539851884
7.24864693197 0.0330430706778 -0.0830313215637
7.28853579393 0.0329854934814 -0.0833492923603
7.3285321819 0.0329255717414 -0.0888984474819
7.36857304283 0.0328633019846 -0.0897714988884
7.4084471336 0.0328002526926 -0.0963352794336
7.448459881 0.0327308782543 -0.101354622754
7.4884985912 0.0326599835182 -0.101829044386
7.52834028266 0.0325877005105 -0.108153040802
7.56838311501 0.0325114125664 -0.109493646018
7.60842146522 0.0324349407868 -0.110910251684
7.64826727265 0.0323550559101 -0.117541055199
7.68666297554 0.0322758743585 -0.118702848591
7.71927203112 0.0322207391135 -0.0487028922665
7.74165752867 0.0321928154545 -0.0819928908803
7.75673555489 0.0321705873201 -0.083984484314
7.77007744099 0.032150729262 -0.0864864050168
7.78139239948 0.0321334750433 -0.0886254739574
7.78927257826 0.032121184184 -0.0911686086285
7.79329256096 0.0321147055983 -0.09299221699
7.79480897965 0.0321123114694 -0.0935812876327
7.79480897929 0.0321123125668 -0.0935812403438
7.79480900416 0.0321122477781 -0.0936014155321
7.79469102693 0.0321122297597 0.650813354407
7.79476884772 0.0321196106966 2.17301197179
7.79717824171 0.0322454888804 3.69500964454
7.80260881343 0.0326789258259 5.17342105574
7.80969366143 0.0334048121911 6.42446046175
7.81720707168 0.034346751684 7.86568062397
7.8248633211 0.0355104992286 9.38487024061
7.83252118066 0.0368836054611 10.9109731127
7.8401449949 0.0384605761124 12.4370454543
7.84770220832 0.0402343877643 13.9550251533
7.85524501657 0.0422170661636 15.4716081298
7.86276557992 0.044407507148 16.9717508171
7.87044949698 0.0468587898895 18.3508923317
7.87812114357 0.0494731086202 19.4509826382
7.88563431505 0.0522352959734 20.8900918856
7.89304169484 0.0551718349731 22.3301281225
7.90038008237 0.0582969321314 23.7837446251
7.90758681844 0.0615868560381 25.2583971954
7.91457974022 0.0650627796215 27.8199377404
7.92136503478 0.0688755233048 30.7782931751
7.927923809 0.0730181460063 33.7157352259
7.93385196329 0.0771871494484 36.4552995489
7.93995970872 0.0819541131898 39.4261986519
7.94576961707 0.0870069659511 42.8569440381
7.95112089509 0.0923843708014 47.3040122664
7.95609583355 0.0982252281068 51.7401329631
7.96056229668 0.104366575646 56.1330351074
7.96452246267 0.110702395673 59.4516615284
7.96830622067 0.117515422075 62.3986662502
7.97168834433 0.124421989132 65.3828580799
7.97463873287 0.13134934598 68.4059289179
7.97723109158 0.13845453342 71.4383339549
7.9794448532 0.145690877074 74.467698044
7.98121220362 0.152758106391 77.3685623009
7.98267877825 0.16024969221 80.3780228921
7.98380172105 0.168076489874 83.044719052
7.98466326341 0.175985459853 84.4922161211
7.98532781061 0.183951707819 85.9424603327
7.98579057509 0.19193281202 87.3913846887
7.98606129236 0.199893495809 88.3967901356
7.98628543313 0.207888569793 88.3913190096
7.98650993527 0.215830650198 88.3656713545
7.98677939819 0.224587719119 88.0762085443
7.98728397471 0.239208132943 88.0051604554
7.98801486022 0.260120066541 87.9974021674
7.98890719905 0.285919932365 88.0277785855
7.98982725082 0.312595220619 88.0212654418
7.99076534493 0.339052022433 87.9271287902
7.9914876464 0.365494024311 88.7780573813
7.99207343672 0.392679638916 88.7627785075
7.99273972025 0.423270011407 88.7260905175
7.99355104881 0.457224235956 88.6146446388
7.99443673557 0.493887676105 88.6109010883
7.99540070051 0.533429040779 88.5597766263
7.99603002112 0.573078842064 89.5781282762
7.99633277282 0.61315261159 89.5599295099
7.99665318834 0.653124970167 89.5291979345
7.99698340216 0.693044307013 89.513440112
7.99732728495 0.733045737361 89.4895828107
7.99769222985 0.773055585523 89.4746558278
7.99806436693 0.812978960385 89.4567455892
7.99845458676 0.852941500267 89.4211507445
7.99886030424 0.892990294884 89.4145110406
7.99927638752 0.932902806461 89.3967904906
7.9997161015 0.97286660211 89.3638493851
8.00016517986 1.01294256277 89.3466147355
8.00062711615 1.05274805634 89.3071594246
8.00111127267 1.09278943489 89.3060314436
8.00160159699 1.132850215 89.2931357588
8.00211072737 1.17264956819 89.2542832709
8.00263426301 1.21272292167 89.2385092837
8.00316960452 1.25269838484 89.2069169163
8.00372985426 1.29255755662 89.1933520434
8.00430036219 1.33263152287 89.1750979982
8.00489027438 1.37256698041 89.1298123517
8.00549692405 1.41246817955 89.1223035701
8.00611804329 1.4525192589 89.1050777461
8.00676726169 1.49245565214 89.0607480864
8.00742639969 1.53237909878 89.0428944053
8.00810390229 1.5723001779 88.9904049629
8.00881036568 1.61233788199 88.9863658592
8.00952484259 1.65225748338 88.9682968765
8.01026865718 1.69217041548 88.9143239761
8.01103069413 1.73224032519 88.8973483739
8.01180176779 1.77203129037 88.8521218039
8.01261221033 1.81203514023 88.8367877401
8.01343281079 1.85210512716 88.8184674033
8.0142717722 1.89186277543 88.7624174767
8.01513821765 1.9319144789 88.7518569778
8.01601694485 1.97194840605 88.7336926353
8.01692435937 2.0117201368 88.68500372
8.01784914617 2.05178759316 88.6671244805
8.01879020667 2.09169418429 88.6104221172
8.01949103119 2.13147003186 89.2735809978
8.02000726504 2.17153800447 89.2550712609
8.02054830416 2.21148333372 89.2137383757
8.02109893048 2.25140695102 89.1967023021
8.02166600963 2.29134859881 89.1504788764
8.02226106498 2.33138364039 89.1467732396
8.02286268502 2.37130785493 89.1282823131
8.0234895932 2.4112375241 89.0800884378
8.02413383094 2.45129367143 89.0695716988
8.02478843854 2.4911560677 89.0403102625
8.0254775339 2.53111983566 89.0078160323
8.02617660825 2.57119170353 88.9897629992
8.02689272676 2.61095756317 88.9353347816
8.02763762974 2.65099601817 88.9309285836
8.02839376533 2.69105912084 88.9120861586
8.02917740521 2.73082135074 88.8582631275
8.02975168146 2.7707197672 89.4436618758
8.03014754205 2.81068597425 89.4065387869
8.03033121504 2.85045675232 90.0640603545
8.03028364924 2.89048158229 90.0697743488
8.03023388939 2.9305259919 90.0728394472
8.03018236574 2.97040772723 90.0772987739
8.0301256375 3.01044313469 90.0826098568
8.03006656082 3.05048547395 90.0858112782
8.03000372686 3.0903530312 90.0956386733
8.02993594597 3.1303995548 90.0987304705
8.02986581872 3.17043705447 90.1020066983
8.02978917694 3.21031207625 90.1158315557
8.02970421067 3.25036594959 90.1234144224
8.02961529638 3.29037743306 90.1362831103
8.02951703205 3.33028813159 90.1480960103
8.02941212317 3.37032917876 90.1511491661
8.02930049132 3.41033729986 90.166386914
8.02917857754 3.45025182668 90.1786674308
8.02905241331 3.49027114806 90.1882245036
8.02891425394 3.53031886886 90.2074702829
8.02876830306 3.57021136452 90.2106260423
8.02861561624 3.61020892554 90.2287016128
8.02845013068 3.65027787382 90.2426078669
8.02828023661 3.69016409848 90.2461898033
8.0280982864 3.73017563993 90.2689351677
8.02790543858 3.77023110407 90.2775992678
8.02805726827 3.81017169584 89.4383863051
8.02845653677 3.85013647129 89.4073541375
8.02887072191 3.89017653939 89.4064308631
8.02928566924 3.93006944584 89.4012681578
8.029718563 3.97003332745 89.3712829882
8.03015884467 4.01007654898 89.3673589483
8.03060276957 4.04989225794 89.3332792818
8.03106965927 4.0899286202 89.3314691039
8.0315386143 4.12997539867 89.3247175352
8.03202241347 4.16977985366 89.2869897266
8.03252100055 4.20982544128 89.2828514804
8.03303084488 4.24986876474 89.2583537575
8.03356207917 4.28969251716 89.2328593976
8.03410001035 4.32974244242 89.2250979208
8.03465072876 4.36968925161 89.1857640939
8.03521755943 4.40957940774 89.1840740908
8.03579599781 4.44964720516 89.165597274
8.03640077376 4.48958389507 89.1210207703
8.03701512562 4.52950365573 89.1049533735
8.03764631394 4.56943750479 89.0549911213
8.03830839551 4.60946999918 89.0508556338
8.03897625341 4.64939169386 89.0325221456
8.0396708694 4.68931147427 88.980321966
8.04038449827 4.72935948001 88.9724726272
8.0411080754 4.76922875407 88.9421726749
8.04186848118 4.80917924119 88.9045649875
8.04263903959 4.84924750408 88.8869633754
8.04342664346 4.88900738318 88.8303145144
8.04424488987 4.92904279956 88.8264016347
8.04507379667 4.96910446327 88.8074622125
8.04592996374 5.00886507379 88.7533555214
8.04680425841 5.04892946668 88.7367569667
8.04769317191 5.08884056166 88.6796962135
8.04861352695 5.12871977072 88.6761366729
8.04938412524 5.16888694055 89.3347566295
8.04985694915 5.20884725017 89.3108409948
8.05033733609 5.24874689604 89.304628025
8.05068394734 5.2887168765 89.9409774797
8.05071831723 5.32876081748 89.9505626711
8.05075384016 5.36865661915 89.9464958254
8.05079432144 5.40868275439 89.9392640905
8.05083640197 5.44872355178 89.9386659383
8.0508788603 5.48854854786 89.990517867
8.0507032588 5.52824458765 90.3509961736
8.05045507614 5.5682377045 90.3704767561
8.05019079137 5.60814196723 90.3859513558
8.04991993905 5.64818208394 90.3884423976
8.04964024035 5.68816448338 90.4128334461
8.04935143746 5.72805891592 90.416337813
8.0490596494 5.76808634028 90.4221455504
8.04875196439 5.80807925893 90.4438603322
8.04844172495 5.84797048515 90.4469939192
8.04812358014 5.88794520877 90.4731404937
8.04779172828 5.9279908986 90.4764313841
8.04745915186 5.96787855234 90.4784717917
8.04711191995 6.00785730752 90.5059749296
8.0467574094 6.04789780486 90.5087644611
8.04649062916 6.08760564791 89.9551935921
8.04702714338 6.12763172597 88.513470029
8.04857228819 6.16763609399 87.0712184748
8.05107287728 6.20728902311 85.6918284086
8.05446167684 6.24697646587 84.866693146
8.0580446699 6.28685775391 84.8645707501
8.06145857122 6.32657944836 85.6535848659
8.06400952511 6.3663754187 87.0406283541
8.0660053033 6.40634979052 87.1460111881
8.06767487708 6.44601956409 88.2403967905
8.0683967527 6.48605101305 89.6880382052
8.06811294421 6.52603226496 91.1046808294
8.06684691448 6.56586336281 92.5343319138
8.06464747726 6.60577888621 93.4711485967
8.06220304562 6.6456782055 93.5124502946
8.05975865718 6.68549290142 93.514100377
8.05729801333 6.72536835697 93.5643356063
8.05480721094 6.76533560146 93.5672312428
8.05232482827 6.80514540693 93.5692497327
8.0498151825 6.84501355073 93.6127817666
8.04729475866 6.88498277846 93.5240018433
8.04527423179 6.92484301981 92.3994946142
8.04359830986 6.96484752853 92.4004566588
8.04192067456 7.00485060111 92.4018001303
8.04024068361 7.04465015517 92.4236926217
8.03854630979 7.08465693059 92.4263408579
8.03685127458 7.12461684786 92.4444303162
8.03514644372 7.16446048927 92.4508327183
8.03343366131 7.20446300257 92.4525163315
8.03171451181 7.24441039885 92.47591252
8.02999089962 7.28426474717 92.4776135735
8.02825965182 7.32426012196 92.4811388818
8.02651548837 7.3642112535 92.5025258759
8.02477294294 7.4040638127 92.5045930692
8.02302041529 7.44400781696 92.5290030692
8.02125347833 7.48401059654 92.530147934
8.01949202691 7.52385969614 92.5317170833
8.01771528351 7.56380249756 92.5547078846
8.01592947674 7.60380494058 92.5572691122
8.01447250794 7.64375031639 91.7921572907
8.01321972533 7.68377206935 91.7944788137
8.01196508931 7.72379154438 91.7961996887
8.01070745275 7.7636096979 91.8189384717
8.00943597254 7.80363099559 91.8210024908
8.00816342091 7.8436321024 91.828941899
8.00688104578 7.8834665871 91.8451624566
8.00559095685 7.92348635624 91.8473866664
8.00429545211 7.9634492738 91.8711834376
8.00299246966 8.00332065334 91.872986759
8.00168325936 8.04333630418 91.8750148578
8.00036248122 8.08330019064 91.8974758194
7.99904054638 8.12317050359 91.9002035708
7.99771109638 8.16313042573 91.9236235806
7.99636626835 8.20315135672 91.9256963588
7.99543413054 8.24316610397 90.9684596936
7.99474866952 8.28314724072 90.9921991643
7.99405458161 8.32318280746 90.9946524419
7.99336123873 8.36302406346 91.0118794408
7.99265008502 8.4030498482 91.0189040211
7.99193714556 8.44308408812 91.0213521505
7.99125590446 8.48173197137 90.9989122792
7.99065653886 8.51551162389 91.0491034098
7.99023762313 8.53832567935 91.0509806059
7.98999623252 8.55155605008 91.0355722456
7.98991107814 8.55633474048 91.0134070502
7.9899071407 8.55655078321 91.0011886144
7.98991059942 8.55643961782 89.0251677506
7.98981556527 8.55494393236 84.0256263549
7.98981276603 8.55485696611 78.3053829291
7.98982193278 8.55484608053 70.4658748433
7.98991117915 8.55501505286 61.9189292473
7.99066349662 8.55609078132 53.3074246623
7.99260023256 8.55827148148 44.6315634616
7.99574371049 8.5608979261 35.4871779263
7.99925918745 8.56298826842 26.3439534776
8.00321173546 8.56456580767 17.421139379
8.00781805532 8.56557968348 8.70353860417
8.01428834013 8.56610921742 0.957635722557
8.02062609327 8.5657940508 -6.41084480367
8.02673454862 8.56476295703 -12.530310609
8.03224942099 8.56329644555 -17.0733520282
8.03735333746 8.56150299435 -21.3964125066
8.04289209443 8.55906657568 -25.968239542
8.04821553791 8.556198406 -30.5385800099
8.05327473233 8.55292831838 -35.0907598093
8.05823841632 8.54912834901 -39.4983156453
8.06332172307 8.54464511353 -43.4722849293
8.06712005673 8.54075171164 -47.804756344
8.07099196668 8.53611286365 -52.3775006555
8.07447918933 8.53118185272 -56.9501933401
8.07755180635 8.52600956961 -61.5062475672
8.08021284315 8.52058940529 -66.0796359036
8.08243192404 8.51497904989 -70.651617781
8.0840607583 8.50968848767 -75.0288434874
8.08538088223 8.50379440424 -79.6033559075
8.08622581187 8.49781433962 -84.1775922555
8.08659141252 8.49195687775 -88.4044060297
8.08659266858 8.48631758679 -91.449229121
8.08630683258 8.4807652427 -94.2295603749
8.08583565291 8.47537061165 -95.7007601339
8.08524898859 8.47016573699 -97.0981660101
8.08469335095 8.46600447095 -98.1055405657
8.08367866943 8.45952937907 -99.5087455438
8.08181211467 8.44920228312 -100.941195084
8.07964959289 8.43873400441 -102.380488161
8.07722297032 8.42831754749 -103.831958274
8.07460075006 8.41792330829 -104.221123404
8.07197997583 8.40758112926 -104.221482862
8.06936780448 8.39727492843 -104.223186433
8.06692190141 8.38717651257 -102.956851073
8.06474960704 8.37723021847 -101.691179373
8.06276871406 8.36696506606 -100.190438339
8.06103310183 8.35652584212 -98.7142211121
8.05961689075 8.34609738835 -96.417876896
8.05866845426 8.33568348108 -94.3595178947
8.05798105934 8.32511081225 -93.4140664814
8.0572561637 8.31308659842 -93.5299471147
8.0560717346 8.2953357691 -93.9286907457
8.05434875395 8.27030237589 -93.9416866631
8.0521313462 8.23752603471 -93.8355989187
8.04949649059 8.19836715348 -93.8802802615
8.04678477359 8.15840772708 -93.8877416429
8.04406213959 8.11843792695 -93.9004979216
8.04133484236 8.07875106155 -93.9483590465
8.03857130237 8.03877118838 -93.9644807944
8.03580465345 7.99891080239 -94.0043480214
8.03300994836 7.95915554019 -94.0249065123
8.03018993127 7.91918146758 -94.0411827806
8.02735881289 7.87936659905 -94.0969927718
8.02450403367 7.83954530809 -94.1123060931
8.02175385887 7.79966555695 -93.5657344511
8.01927029175 7.75969543892 -93.5565072719
8.01679480129 7.71988054745 -93.5592057884
8.01444383498 7.6802276513 -93.1050219253
8.01227428694 7.64024143113 -93.1075835809
8.01011032403 7.60040900561 -93.1137325856
8.00792099371 7.56051769023 -93.1507877272
8.00571711101 7.52051936973 -93.1601389857
8.0035172745 7.4807804723 -93.2005851727
8.00128091065 7.44080074605 -93.2030406661
7.99903442016 7.40079013884 -93.220002382
7.99677938478 7.36108522484 -93.2739840082
7.99452004083 7.32101558953 -92.9686161864
7.99290251089 7.28113333422 -92.0066175062
7.99150406891 7.24127230102 -92.0096469805
7.99010217819 7.20126086516 -91.9303394127
7.98913763428 7.16161488184 -90.7112289611
7.98917445181 7.12194776416 -89.1911882267
7.99025056376 7.08216947088 -87.7444917753
7.99233782258 7.04236679405 -86.2458089319
7.9954610442 7.00282913969 -84.730253037
7.99961345103 6.96324660069 -83.2813780767
8.0047927717 6.9237288439 -81.7781489751
8.01098781951 6.88454906122 -80.253803931
8.01825838612 6.84541664654 -78.7109928081
8.02631595922 6.80625221445 -78.3130585347
8.03436359338 6.76736022824 -78.3324231671
8.04197594963 6.72809749668 -79.7427421921
8.04862679402 6.6884917918 -81.1849738152
8.053847892 6.64923324461 -83.8121714065
8.05719921871 6.60926512612 -86.3605565049
8.05926954756 6.56934057197 -87.4824348636
8.06102343193 6.52948544538 -87.4789984066
8.06278415583 6.48953891772 -87.4580780469
8.06456531419 6.44956154426 -87.4481887145
8.0663421022 6.40971191292 -87.4464959398
8.06813154164 6.36976853588 -87.4225910145
8.06993146825 6.32976824457 -87.421005526
8.07172688671 6.28992806452 -87.4162996036
8.07354997051 6.25001545493 -87.3790933139
8.07538205492 6.21001670016 -87.377013154
8.07721170467 6.17026421392 -87.3343739233
8.07908151861 6.1302419498 -87.3226495848
8.08095245409 6.09024803501 -87.3205384944
8.08243121547 6.05082441924 -88.3522758668
8.08358418063 6.01079800849 -88.3489118058
8.08436701117 5.97082818903 -89.4104601736
8.08477044991 5.93093503354 -89.4192724022
8.08517700573 5.89089699606 -89.4175859759
8.0855910297 5.85087063961 -89.4681643391
8.08567395178 5.81081731052 -90.0053256645
8.08566778934 5.77085870989 -90.0573103274
8.08513901898 5.73094052223 -91.3959838872
8.08415739345 5.69107944812 -91.4128690661
8.08316214522 5.65101433532 -91.4312338697
8.08214291514 5.61110993896 -91.4870707944
8.08110609072 5.5712113192 -91.4978432176
8.08005316745 5.53121220682 -91.5281567563
8.07896560438 5.49126505249 -91.5641974212
8.07787074079 5.45135379197 -91.5818589755
8.07675318127 5.4114519044 -91.6385562197
8.0756072563 5.37142275524 -91.6431542734
8.07445436849 5.33152106454 -91.6615780934
8.07326801369 5.29161838142 -91.7155184693
8.07206526425 5.25156175364 -91.7322996059
8.07085398092 5.21181010472 -91.7892304608
8.06960268167 5.17178910333 -91.7928434622
8.06834170308 5.13173390608 -91.8107618633
8.06706180666 5.09198758447 -91.866628527
8.06575530772 5.05194195819 -91.8799292599
8.06443782067 5.01197784829 -91.9156481613
8.0630894577 4.97216918053 -91.9434458481
8.06172500924 4.93211693945 -91.9609602356
8.06034211496 4.89222358473 -92.017494726
8.05893670949 4.85235112474 -92.0227036056
8.05751440055 4.81231276996 -92.0415334969
8.05606289979 4.77241620206 -92.0942658507
8.05472016977 4.73242016618 -91.4412421272
8.0542029123 4.69259526002 -90.2730054005
8.05401145118 4.65255419752 -90.2753618904
8.05381297163 4.61263219915 -90.2944989694
8.05359508891 4.57263894329 -90.3168594504
8.05337314236 4.53258533086 -90.3244309616
8.05313714624 4.49272738462 -90.3588045455
8.05288603591 4.45268750371 -90.3599500215
8.05263001258 4.41261536744 -90.3766624213
8.05230871332 4.37276861449 -90.8343043541
8.05128566427 4.33265924795 -91.7723497503
8.05003872525 4.29262867496 -91.7942124103
8.04876809761 4.25285079847 -91.835634481
8.0474661002 4.21304728004 -92.1058080786
8.04575002482 4.17313367111 -92.5683164353
8.04396150578 4.13328126707 -92.5721107641
8.0421555134 4.09324940426 -92.5895477394
8.04032653553 4.05337432968 -92.6450553329
8.03848200312 4.01349364191 -92.6608533588
8.03662205452 3.97358892106 -92.7070554843
8.03472370327 3.9336210646 -92.721749051
8.03282164163 3.89374105459 -92.7391826635
8.03089490533 3.85387077042 -92.7954326986
8.02894048329 3.81386379783 -92.8035505887
8.02698177481 3.77401483732 -92.8230779329
8.02498659925 3.73413286529 -92.8718822468
8.02297437516 3.69410839438 -92.8888057106
8.02095764799 3.65439159909 -92.9455707441
8.01911538799 3.61452918364 -92.0120307764
8.01815335405 3.5745716319 -91.0700938912
8.0173839186 3.53479417159 -91.116606027
8.01660186304 3.49473333395 -91.1307382749
8.01580201078 3.45481594133 -91.1903025292
8.01497233308 3.41493412936 -91.1932676612
8.01413213868 3.37486831052 -91.2114902452
8.01326332904 3.3349597605 -91.2676020889
8.01237999587 3.29507190264 -91.2732469227
8.01148080766 3.25509535383 -91.3242915655
8.01054397884 3.21510670729 -91.34450032
8.0096036094 3.17519348537 -91.36183042
8.00863642659 3.13528666569 -91.418855394
8.00764412164 3.09525655411 -91.4222732496
8.00664551179 3.05535557667 -91.4445533217
8.00560957015 3.01544128527 -91.4957431625
8.00456186333 2.97538359105 -91.511566055
8.00350043828 2.93562605608 -91.5699031621
8.00240252868 2.89560039262 -91.5728381066
8.00129656295 2.85554180042 -91.5911302852
8.00016635858 2.81578950721 -91.6470038093
7.99930351517 2.77590196422 -90.7067472008
7.99882590021 2.73600580835 -90.7168630824
7.99832527174 2.69611932696 -90.7203035581
7.99781773284 2.65604584156 -90.7381406675
7.99728559571 2.61609831248 -90.78117574
7.99674111188 2.57620983393 -90.7843680121
7.99618387767 2.53617514558 -90.8188254804
7.99559547347 2.49619779574 -90.8469757369
7.9950037188 2.45628139639 -90.8625599904
7.9943877001 2.4163441355 -90.9132839325
7.993748881 2.37630754632 -90.9157968097
7.99310475637 2.33639027269 -90.9353542734
7.99242667595 2.29646218813 -90.9845841021
7.9917378408 2.25641924932 -90.9910006147
7.99103508088 2.21662316107 -91.0554553382
7.99029605636 2.17659047981 -91.0588344816
7.98955158846 2.1365226647 -91.0766632429
7.98878121132 2.09676134069 -91.1332366793
7.98798854885 2.05672655296 -91.1367840147
7.98718513311 2.01671741205 -91.1790215102
7.98634660537 1.97690180434 -91.210156882
7.98552951687 1.93673902985 -90.9203582153
7.98500526092 1.89678977696 -90.7419558611
7.98448859595 1.85690162564 -90.7427212602
7.98396786759 1.81686670452 -90.7518942314
7.98342213688 1.77690897873 -90.7878704172
7.98287562274 1.73698927806 -90.7220174183
7.98255500286 1.69692222307 -90.4055525196
7.98227080543 1.65688182197 -90.4072803995
7.98198307793 1.61695759993 -90.425369459
7.98167135592 1.57697680685 -90.4547406389
7.98135336542 1.53693640868 -90.4569583772
7.98102453114 1.49707237351 -90.500816792
7.98067241232 1.45703703318 -90.5042559356
7.98031800187 1.41696640713 -90.5201472459
7.97994261186 1.37714234769 -90.5545884964
7.97955490697 1.33710306172 -90.5556604033
7.97915941651 1.29705112223 -90.5836075099
7.97873923602 1.25721274345 -90.6069753659
7.97831458186 1.2171656944 -90.6129270609
7.97787039328 1.1771785792 -90.6608045317
7.97741031226 1.13728915923 -90.6611919649
7.97694383183 1.09721784279 -90.6794333754
7.97645087717 1.05725739141 -90.7150390341
7.97595280954 1.01736848311 -90.7170086733
7.97544038418 0.977383051465 -90.7695995934
7.97490183336 0.937345195414 -90.7705133335
7.97436301885 0.89742520931 -90.7868111916
7.97379648582 0.857482267691 -90.8313124093
7.97321538503 0.817445331497 -90.8329684553
7.97264107276 0.777607546076 -90.7047176011
7.97232968276 0.737778047457 -90.3937444055
7.97205361705 0.697728945855 -90.4011558203
7.97142432234 0.657858032421 -91.6165750292
7.96975151728 0.617613931539 -93.1381747359
7.96713056166 0.577603950883 -93.9977751692
7.96433712344 0.537926222781 -94.0488829472
7.96150811475 0.497971099339 -94.0572643175
7.95866958518 0.458060574816 -94.08968565
7.956063465 0.418508827076 -93.0994156827
7.95443645411 0.378663388402 -91.5983388941
7.95345179763 0.338695017612 -91.3899012909
7.95248400824 0.298815450404 -91.3910823425
7.95151014893 0.258823782126 -91.4148845925
7.95050133681 0.218873419472 -91.4500928302
7.94949031624 0.178974292675 -91.4620856048
7.94845274774 0.139056643565 -91.5242531789
7.9473868044 0.0990297671618 -91.5269128293
7.94631773415 0.0591224813129 -91.5463299311
7.94521129765 0.0192160978293 -91.6011766701
7.94409174049 -0.0208135342015 -91.6061151539
7.94296116918 -0.0605964145869 -91.674608788
7.94178956646 -0.100618988035 -91.6779843233
7.94061291521 -0.140675620959 -91.6953785361
7.93941273881 -0.180426569154 -91.7523829169
7.93818752728 -0.220449635306 -91.755542542
7.93696747836 -0.260351105677 -91.649518987
7.93608477451 -0.299940894873 -91.1666835849
7.93526809029 -0.339994214426 -91.1788808725
7.93455906791 -0.379960812963 -90.9380212451
7.93390874604 -0.419834901616 -90.8536763177
7.93357617359 -0.459723491318 -90.3546112049
7.93331858391 -0.499732383965 -90.37191647
7.93318068718 -0.539536432965 -89.810839015
7.93332972504 -0.579531477966 -89.7829058375
7.93348243078 -0.619572694804 -89.7806801424
7.93363744454 -0.659429609333 -89.7658399496
7.93380245965 -0.69947244522 -89.7627230114
7.93396889701 -0.739510648396 -89.7610277757
7.93414244357 -0.779363653825 -89.7432787174
7.93432286652 -0.819406774919 -89.7407487936
7.93450541971 -0.859425571957 -89.7310037757
7.93470515772 -0.899315706785 -89.7075523618
7.93491029411 -0.93935485157 -89.7057532165
7.93512218348 -0.979352227465 -89.6811894313
7.93534478182 -1.01924583431 -89.6790788885
7.93556992868 -1.05928128574 -89.6760730457
7.93581158901 -1.09929638825 -89.6432734716
7.93606075263 -1.13918667707 -89.6410777618
7.93631509595 -1.17917300497 -89.6165408577
7.9365842784 -1.21921635758 -89.6137813662
7.93685386935 -1.25910390619 -89.6119991788
7.93713605222 -1.2990899805 -89.5850053605
7.93742710108 -1.33913203832 -89.5824956567
7.93771948375 -1.37898824895 -89.5678166757
7.93803527568 -1.41902150005 -89.5432752083
7.93835519774 -1.45905954773 -89.5414880302
7.93868253048 -1.4988860281 -89.512968879
7.93902352907 -1.53892844332 -89.5108508543
7.93940432766 -1.57893857339 -89.1549664777
7.94029145302 -1.61878092245 -88.6242966425
7.9412534258 -1.65880984156 -88.6224503299
7.94221887351 -1.69875511998 -88.5852327262
7.94320218535 -1.73862643334 -88.5864712247
7.94419047572 -1.77865248058 -88.5848866641
7.94519004182 -1.81859264328 -88.5543411355
7.94619733863 -1.85847258897 -88.5522017526
7.94720970436 -1.89847932188 -88.5423047984
7.94823656261 -1.93846288801 -88.5265754429
7.94926290024 -1.97833878906 -88.5247929815
7.95030420446 -2.01827004859 -88.4755712937
7.9513707124 -2.05830044302 -88.4729111921
7.952434543 -2.09817195448 -88.4696356069
7.95352683877 -2.13811065059 -88.4213647292
7.95463064693 -2.17813566653 -88.4196387977
7.95573503334 -2.21791199696 -88.3730102939
7.95687483662 -2.25794531917 -88.3677199872
7.95801602269 -2.297967112 -88.3657813456
7.95917114535 -2.33775003128 -88.3165332701
7.96034832363 -2.37777469848 -88.3144263917
7.96152668462 -2.41774999481 -88.2915588979
7.96273284347 -2.45757964953 -88.262524918
7.9639474606 -2.49760019136 -88.2610144501
7.96517388333 -2.53752849322 -88.2113840273
7.96642000868 -2.57740310399 -88.2091899003
7.9676720427 -2.61741747631 -88.2051042025
7.96894951377 -2.65735241766 -88.1575719394
7.97023271621 -2.69722173953 -88.1559638947
7.97152621806 -2.73714292666 -88.1083970517
7.9728502996 -2.77716971056 -88.1040781269
7.97417068477 -2.81703568688 -88.101992805
7.97551512653 -2.85696276959 -88.0529178152
7.97687635793 -2.89698114449 -88.0509209953
7.97823356509 -2.93678504555 -88.0208638341
7.97962913075 -2.97677363846 -87.9991607424
7.98102768142 -3.01678790727 -87.99754606
7.98222941237 -3.05628657105 -88.7193353511
7.98311814213 -3.0963111968 -88.7261114089
7.98400955793 -3.13632394334 -88.7167792976
7.98492744746 -3.17613947433 -88.6708215199
7.98585328984 -3.21616849561 -88.7541369475
7.98640964458 -3.25625938044 -89.3303930671
7.98687611499 -3.29614902448 -89.3287062547
7.98734588434 -3.33618346561 -89.3266879319
7.98782872546 -3.37616804648 -89.3026553672
7.98831887479 -3.41604588389 -89.2123741973
7.98908957143 -3.45596117084 -88.7985895243
7.98992924264 -3.49599417725 -88.7960079724
7.99076807234 -3.53587406174 -88.7945420921
7.99161894573 -3.57584870635 -88.770830145
7.99247891987 -3.61588260283 -88.7682270265
7.99333688193 -3.65574441674 -88.7596565945
7.99421403121 -3.69573843779 -88.7419432459
7.99509376496 -3.73576823085 -88.7401884853
7.99597664777 -3.77558936907 -88.7145772343
7.99687532754 -3.81562194185 -88.7127796746
7.99777542957 -3.85564861427 -88.7106298998
7.99868512626 -3.8954721734 -88.6860578188
7.99960409896 -3.93550262623 -88.6839343221
8.000526397 -3.97547224255 -88.6583978611
8.00146005274 -4.01535368884 -88.656354497
8.0023996253 -4.0553810311 -88.6547635731
8.00334861549 -4.09535355686 -88.6310876488
8.00430260848 -4.13523493569 -88.6285639149
8.00526139504 -4.17523388513 -88.6157715356
8.00623664296 -4.21523541209 -88.6021216722
8.00721036397 -4.25511274194 -88.6004411366
8.00819467956 -4.29508083505 -88.5753489129
8.00919088747 -4.3351116395 -88.5732005433
8.01018474469 -4.3749851424 -88.5706803562
8.01119580326 -4.41495733355 -88.5465143219
8.01221153712 -4.45498464704 -88.5443682003
8.01322774955 -4.49480523011 -88.519819728
8.01426241497 -4.53483437037 -88.5183131868
8.01529832682 -4.57485911434 -88.5167081369
8.01634036704 -4.614679204 -88.4930365704
8.01739436293 -4.6547077033 -88.4905877248
8.01844966127 -4.69469173146 -88.4727410892
8.01951806569 -4.73455160866 -88.463555714
8.02059222508 -4.77457613482 -88.4619255589
8.02167378486 -4.81454120531 -88.4372747822
8.0227625735 -4.85441995508 -88.4348490037
8.02385676083 -4.8944390591 -88.431602069
8.02496401388 -4.9344101246 -88.4080233737
8.02607294595 -4.97428498982 -88.406118079
8.02719018028 -5.01425306956 -88.3813325425
8.02827088669 -5.05434370947 -88.8460341339
8.02854454337 -5.09444948006 -90.3650031902
8.02815565316 -5.1344319551 -90.6109627947
8.02772705579 -5.17446904045 -90.6145125917
8.02729564545 -5.21439130076 -90.632077801
8.0268387097 -5.2543524467 -90.6689543782
8.02637102492 -5.29439139013 -90.6703977203
8.02589562769 -5.33427038289 -90.70719143
8.02539133702 -5.37426903474 -90.7238524143
8.02488420077 -5.41433240043 -90.7368076284
8.02435836641 -5.45414440182 -90.7782072601
8.02381448742 -5.49418244853 -90.7787999365
8.02326428482 -5.53424988244 -90.7985586443
8.02268838394 -5.57405079832 -90.8360333177
8.02210373193 -5.61409277736 -90.8406689782
8.02150247367 -5.6540599029 -90.8981211965
8.02087628798 -5.6939461537 -90.8999454093
8.02024325912 -5.73401576596 -90.9177262689
8.01958173788 -5.77394372131 -90.9683218397
8.01890694132 -5.81383017953 -90.9716059949
8.01821895595 -5.85383265822 -91.0181476254
8.01749367863 -5.89381840816 -91.04184037
8.01676619427 -5.93373276402 -91.0576499098
8.01601105636 -5.9736497826 -91.1156685268
8.01523054946 -6.01368324229 -91.1184519821
8.01444522641 -6.05359399575 -91.1397168656
8.01362142992 -6.09351054652 -91.1926925598
8.0127871651 -6.13355093555 -91.1993150977
8.01193758533 -6.17333656196 -91.2667560687
8.01105120096 -6.21336725082 -91.2697245592
8.01015918998 -6.25343167654 -91.287666191
8.00924019836 -6.2931900669 -91.3442186605
8.00830021281 -6.33322167163 -91.3477982944
8.00734900614 -6.37319665708 -91.4030089534
8.0063620922 -6.41303987558 -91.4211103689
8.00536624827 -6.45310032554 -91.437711873
8.00434541856 -6.49300756231 -91.4955066001
8.00330348183 -6.53288511535 -91.4983377019
8.0022492548 -6.57293418145 -91.5216761656
8.00115952922 -6.61284941299 -91.5724627946
8.00006388376 -6.652736777 -91.5805012142
7.99894485529 -6.69266183512 -91.6465666235
7.99779326704 -6.73268594603 -91.6493976501
7.99663973403 -6.772593045 -91.667463412
7.99557540656 -6.8123023058 -91.1045618546
7.99486869357 -6.85232377217 -91.0083682372
7.99415512095 -6.89212913498 -91.0746238314
7.99340161411 -6.93215839473 -91.0797308684
7.99264446543 -6.97222459987 -91.0965995082
7.99186114976 -7.01198772081 -91.1542402884
7.99105378302 -7.05202074357 -91.157059617
7.99023767558 -7.0920528109 -91.1892783321
7.98939399977 -7.1318709724 -91.2169139463
7.9885427288 -7.17191374739 -91.2248291763
7.98766812246 -7.21184628214 -91.2912461855
7.98676821186 -7.25172715769 -91.2939730346
7.98585880809 -7.29178931895 -91.3131378572
7.98491493413 -7.33170002705 -91.3683255229
7.98396171952 -7.37158158125 -91.3722346123
7.98299032359 -7.41152209439 -91.4416460336
7.9819812862 -7.45154903017 -91.4452582797
7.98097197331 -7.49146013212 -91.462376757
7.97992980259 -7.53136647366 -91.5197123895
7.97886711601 -7.57139364614 -91.5226104037
7.97779956004 -7.61125027726 -91.5640950779
7.97668855735 -7.65120769716 -91.5965045381
7.97557184168 -7.69124871491 -91.6064627338
7.97443546823 -7.73101934976 -91.6707223009
7.97326713861 -7.77104322621 -91.6734411532
7.97209202096 -7.81109600969 -91.6934901874
7.9708870974 -7.85085162385 -91.7476163695
7.96966529094 -7.89087679692 -91.7519743157
7.96842778824 -7.93080761318 -91.8211801485
7.96729828606 -7.97056039314 -91.0786646871
7.96661320415 -8.01060946269 -90.987640093
7.96589981699 -8.05053363901 -91.0408583668
7.96542488182 -8.09031248353 -90.379470624
7.96515046666 -8.13033463292 -90.421539104
7.96485355563 -8.1703734095 -90.4262182458
7.96455584916 -8.21027154996 -90.4336137944
7.96423433071 -8.25027820143 -90.4742070889
7.96390270908 -8.29031761691 -90.4752441721
7.96356619734 -8.33021675362 -90.5050855991
7.96320219676 -8.3702194507 -90.5236821373
7.9628360055 -8.4102594522 -90.5265295063
7.96245319923 -8.45011471845 -90.573942332
7.96206872278 -8.48851313763 -90.5738401794
7.96169576796 -8.52453015114 -90.7346354654
7.96130552327 -8.54907582667 -90.7814821175
7.96111957172 -8.56296085036 -90.7560413225
7.96102231204 -8.57034356226 -90.7528408233
7.96100120678 -8.57212819429 -89.7561713973
7.96099308409 -8.57171976316 -86.3103693907
7.96094888795 -8.57122530208 -81.8240314026
7.96089863334 -8.57088854386 -77.3535114199
7.96147314031 -8.57300672506 -72.8806837286
7.96230500495 -8.57536956426 -68.5165030994
7.96296719631 -8.57687692438 -64.1668662065
7.96485854326 -8.58039847204 -59.8543027963
7.96734825907 -8.58430496238 -55.2788989834
7.97013318617 -8.58798922468 -50.7176697457
7.97320627237 -8.59144428939 -46.143553003
7.97654366944 -8.59464285129 -41.5695522555
7.98004158405 -8.59750074622 -37.050425157
7.98377495142 -8.6000827745 -32.5110184301
7.98776526967 -8.60239963521 -27.9385868595
7.99191603928 -8.60438629541 -23.3859021377
7.9962251229 -8.60604172131 -18.8164119599
8.00059336745 -8.60732668835 -13.7864250571
8.00485742952 -8.60813377192 -7.90059827003
8.0096062833 -8.60852815515 -2.0737857362
8.01453120445 -8.60846073383 3.82598136197
8.01888065406 -8.60792837163 9.89970277176
8.02315356913 -8.60693736329 15.9991983251
8.02712389136 -8.60556490489 22.021408043
8.03098033821 -8.60374954961 28.0529963604
8.03473560662 -8.60147276884 34.1542655091
8.03822421803 -8.5988130684 40.2522485211
8.04139927935 -8.59581086588 46.3260885832
8.04429481498 -8.59242390957 52.2903564427
8.04705248967 -8.58843259247 58.1575486019
8.04977577515 -8.58348725066 63.7481855592
8.05164272443 -8.579215712 68.6720917809
8.05314123754 -8.57485341815 73.2421177639
8.05428393361 -8.57040126722 77.7968943939
8.05500820694 -8.56626974559 82.0994715986
8.05554467874 -8.56141824083 85.1657624482
8.05582028347 -8.55657952014 88.2051084894
8.05589998648 -8.55147744354 89.8476479357
8.05588896368 -8.54603564342 90.1462954921
8.05586842601 -8.53809532585 90.1500731558
8.05584043459 -8.52761554327 90.1546561525
8.05581027211 -8.51696512328 90.1634677309
8.05570917988 -8.50605877363 91.0440376294
8.05550818368 -8.49536299816 91.09238065
8.0553006613 -8.48464220458 91.1165978759
8.05509017423 -8.47386162195 91.1185969477
8.0548304718 -8.46055632022 91.1184218882
8.05437165462 -8.43703153596 91.1208956135
8.05373523581 -8.40566398497 91.2647992802
8.05286695516 -8.36696354805 91.2559048035
8.05175892214 -8.32706163293 92.108980375
8.05028010382 -8.28725983372 92.1396864421
8.04878444927 -8.24724468693 92.1417622093
8.04728752948 -8.20723694412 92.1442703466
8.04578373478 -8.16743121513 92.1676817806
8.04426850911 -8.12741942542 92.1695983369
8.04275028029 -8.08746758117 92.1950892065
8.04122236724 -8.04760558823 92.1960241378
8.03968755481 -8.00759692104 92.1975609929
8.03814427126 -7.96764722933 92.2215775584
8.03659699592 -7.9277849994 92.223907147
8.03504330075 -7.88783494975 92.2501359391
8.03334113465 -7.84802655019 92.9875279036
8.03114127008 -7.80823076616 93.1894854578
8.02890544129 -7.76835325311 93.2377660409
8.02664273446 -7.72837318285 93.2404589736
8.02440487672 -7.68857181 93.0023715599
8.0226843139 -7.6488851179 92.2934320384
8.02108139299 -7.60887735421 92.2948070994
8.01947880502 -7.56911535845 92.3403429913
8.01783824001 -7.52909056302 92.3487741944
8.0163273399 -7.48903635863 91.7017833914
8.01514160788 -7.44920388349 91.7111672067
8.01394494508 -7.40917974415 91.7136629173
8.01274636058 -7.36921459822 91.7371105094
8.0115357646 -7.32934211203 91.7401668881
8.0103193023 -7.28932184369 91.7417883685
8.00909453726 -7.24935883618 91.7656996509
8.00786522197 -7.2094849477 91.7684608763
8.00662923899 -7.16947781181 91.774700402
8.00537869121 -7.12949788026 91.7935005347
8.0041295302 -7.08962743683 91.7953984373
8.0028705698 -7.04966222553 91.8196628382
8.00159890926 -7.00964053348 91.8210526764
8.00033071889 -6.96977334512 91.8229052704
7.9990461394 -6.92980998561 91.8466062673
7.99775492729 -6.88978916333 91.8489832927
7.99667159406 -6.8499075225 90.9451762218
7.99611158748 -6.80992776749 90.7887932525
7.99555973191 -6.76989255914 90.7903422868
7.99523031867 -6.73030805747 90.0873121766
7.99517727761 -6.69029788028 90.0764742437
7.99535714344 -6.65008920666 89.279106617
7.99586964341 -6.61028906348 89.2395887393
7.9964020281 -6.57025169551 89.2365774905
7.99694270395 -6.53018360674 89.2167666
7.99750866064 -6.49038500073 89.1771965911
7.99808430647 -6.45033384843 89.1687815607
7.99867695888 -6.41037880456 89.1134722769
7.99929533577 -6.37049342025 89.1111525828
7.99992164808 -6.3304233564 89.0931297701
8.00057488561 -6.29049564758 89.0431196435
8.00124171146 -6.2506070564 89.039064055
8.00192271898 -6.21059938087 88.9962311024
8.00263940869 -6.17062050528 88.9699201642
8.0033597692 -6.13070297727 88.9528524498
8.00410617027 -6.09078869191 88.8964534754
8.00487819775 -6.05075460752 88.8934460034
8.00565617507 -6.01084294664 88.8727876989
8.0064709812 -5.97092816227 88.8195167854
8.00729726745 -5.93087557855 88.8079500942
8.00813840293 -5.89110180817 88.7455338912
8.00901611079 -5.85107121303 88.7425173231
8.00990066069 -5.81100642067 88.7243837718
8.01081058931 -5.77124852559 88.668076064
8.01172663373 -5.73122886043 88.8439058334
8.01224813559 -5.69121520736 89.3458619615
8.01270674377 -5.65133395791 89.3398160686
8.01289593741 -5.61139152635 89.9103092404
8.01296427845 -5.5713688126 89.8976564199
8.01303567787 -5.53147895815 89.8966604949
8.01311290358 -5.49142820385 89.8802838548
8.01320047645 -5.45140069944 89.8734495785
8.01328929989 -5.41149888353 89.8667272752
8.01338996725 -5.37147432548 89.8466810191
8.01349756563 -5.33143426675 89.8456324853
8.01360885844 -5.29152017056 89.8311628217
8.01373524499 -5.25150893246 89.8155520318
8.01386427608 -5.21146636983 89.8128757802
8.01400388302 -5.17158541788 89.7840087294
8.01415575199 -5.13154616696 89.7819431914
8.01431051535 -5.09147886115 89.7684057632
8.01448060291 -5.05163187922 89.7485586866
8.01465623455 -5.01159181118 89.7474607463
8.01482582249 -4.97169913024 89.9178050544
8.01477765995 -4.93191401187 90.0929395731
8.0147112149 -4.89188500494 90.0980921729
8.01457187524 -4.85216656074 90.5446662669
8.0141300585 -4.81228010581 90.6416748772
8.01367337695 -4.77231976078 90.6761360136
8.0132002736 -4.73227841208 90.6781081482
8.01272734181 -4.69239421666 90.6803734317
8.01223538956 -4.65243286789 90.7139883281
8.01173531464 -4.61239387837 90.7165454788
8.01123360367 -4.5725763048 90.7454177484
8.01071122519 -4.53253568605 90.7487001589
8.01018740905 -4.49250036311 90.7503964944
8.00965586675 -4.45267090349 90.7750728173
8.00911317479 -4.41263120889 90.7778454862
8.00856902685 -4.37261410478 90.7862060997
8.00801144991 -4.33276512232 90.8050322551
8.00744801014 -4.29272900666 90.8069782485
8.00687456679 -4.25278221624 90.8472066582
8.00628418506 -4.21289292848 90.8491362382
8.0056899837 -4.17286168268 90.8521214362
8.00507459624 -4.13291491769 90.8917639824
8.00445267936 -4.09302804684 90.8941816211
8.00382311062 -4.05308918008 90.9358150395
8.00316121295 -4.01302597051 90.9501262484
8.00249906947 -3.97314264182 90.9518233181
8.00181852747 -3.9332009613 90.9925871666
8.00112367097 -3.89316360187 90.9953405464
8.00042973515 -3.85332143964 91.0137754104
7.99970093007 -3.8133157937 91.050131525
7.99896628056 -3.77328277411 91.0520446886
7.99822357783 -3.73349248347 91.0939234476
7.99745876667 -3.69345700814 91.0956466469
7.9966958673 -3.65344938113 91.0215945873
7.99628527437 -3.61394726632 90.4427099631
7.99597493962 -3.57390665286 90.4446646589
7.99566141257 -3.53394816366 90.3999528264
7.99577897445 -3.49395007121 89.3593026081
7.99622701901 -3.45391177578 89.3574139753
7.99667866136 -3.41392179242 89.3328438352
7.99714615859 -3.37404600821 89.3277669222
7.99761689284 -3.33400351515 89.3234182735
7.99809954123 -3.29404097321 89.291801072
7.99859270546 -3.25415311184 89.2908442677
7.99909011364 -3.21411742722 89.2820521633
7.99960929126 -3.17414916128 89.2518831182
8.00013060792 -3.13425623577 89.2479220547
8.00066486771 -3.09430361491 89.2058739245
8.00121979025 -3.05426512984 89.2055743689
8.00177801942 -3.01434395085 89.187793227
8.00236528378 -2.97440417617 89.1441330817
8.00296368579 -2.93436424011 89.1406139363
8.00357256495 -2.89453316801 89.087288789
8.00421535936 -2.85451180646 89.0790729442
8.00486236951 -2.81444271441 89.0618747345
8.0055319614 -2.77466738545 89.0098557682
8.00622464582 -2.73463147042 89.0068978472
8.00692671128 -2.69458003342 88.9811220679
8.00766114615 -2.65479593552 88.9354288656
8.00840661971 -2.61473866717 88.9224761852
8.00917316866 -2.57481693466 88.8610913741
8.00996698693 -2.53493401194 88.8582969518
8.01066169715 -2.49474426203 89.4987937968
8.01050305379 -2.45501394671 90.8924106635
8.0098161287 -2.41514867819 90.9948942752
8.00909956149 -2.37518575652 91.0471935628
8.00836677857 -2.33515035861 91.0497330631
8.00763407489 -2.29534920469 91.0851463501
8.00687066218 -2.25532568347 91.0937408965
8.00610564561 -2.21529412938 91.0957333836
8.00532805598 -2.17548445699 91.148408038
8.00452444133 -2.1354488501 91.1510937654
8.00371952785 -2.09543309035 91.1587423835
8.00289243314 -2.05562815716 91.1946335311
8.00205677374 -2.01559673309 91.1965745096
8.00121225381 -1.97565799873 91.241939663
8.00034135038 -1.93575486738 91.2522102257
7.99946566265 -1.89572718143 91.2543816075
7.99857050594 -1.85578878067 91.2952999438
7.99766768807 -1.81590710408 91.2977030619
7.99675805863 -1.77597056372 91.3379945375
7.9958144766 -1.73591920047 91.3531216531
7.99487182414 -1.69604147775 91.3547380557
7.99391143282 -1.65610749251 91.3960507064
7.99293484298 -1.61607583776 91.3986794919
7.99196039134 -1.57622346903 91.4104590284
7.990951093 -1.53624241852 91.4536814018
7.9899345155 -1.49621550908 91.4555890208
7.98891281316 -1.45643258235 91.4980056439
7.98786578887 -1.4164035612 91.4994875205
7.98681721466 -1.37638157335 91.5025228575
7.98574840547 -1.33657498463 91.5540772585
7.98466157942 -1.29654835407 91.5564227441
7.98357105307 -1.2566189045 91.5978535177
7.98245756292 -1.21674069143 91.6002630223
7.98133869629 -1.17671810073 91.6023016279
7.98020220851 -1.13676722815 91.6544967319
7.97904938904 -1.0968909026 91.6571169145
7.97789126112 -1.05690635283 91.6741021177
7.97670595597 -1.01693836413 91.7006709001
7.97552133048 -0.977066388387 91.7025329968
7.97432151809 -0.937127848707 91.7517020359
7.97309393605 -0.897093898285 91.7577535576
7.97186972224 -0.857227595922 91.7607952323
7.97062018565 -0.817296858354 91.8007840238
7.96936092819 -0.777275674639 91.8029486142
7.96810192119 -0.737502847615 91.8457720113
7.96680453072 -0.697457676977 91.8582338611
7.96550554623 -0.657440374701 91.859923962
7.96419601148 -0.617666538694 91.90088374
7.96286669635 -0.577645696522 91.9034622103
7.9615361725 -0.537684180316 91.9281424058
7.96017703386 -0.497833204523 91.9584445559
7.9588079549 -0.457817323267 91.960139695
7.95742861347 -0.417896137727 92.0019537763
7.95604555339 -0.378346378847 92.0044792114
7.95473727996 -0.340993073865 92.0076958774
7.95340597403 -0.303725186746 92.0645978303
7.952121943 -0.268156409846 92.0695116971
7.95086856743 -0.233489754564 92.0749051712
7.94958793204 -0.198894432536 92.1349991759
7.94829917742 -0.164346305657 92.1374648491
7.94700468471 -0.129682192208 92.1432443738
7.94568276103 -0.0950882547758 92.2026048886
7.94435918574 -0.0606956818121 92.2049606341
7.94314702314 -0.0291961839783 92.1806272105
7.94244532754 -0.00773565659789 91.708728387
7.94204175829 0.00505799791797 91.8633785061
7.94190247463 0.00932819325124 91.8820642592
7.94190167834 0.00934673310454 91.8846567823
7.94190531414 0.00921463303045 92.9397627345
7.94194112147 0.0087608160747 97.7297713197
7.94199435622 0.00840136675192 103.610985455
7.94213576454 0.0079423152564 109.51499467
7.94249170203 0.00706254965518 115.614409406
7.94294130789 0.0062216570165 121.713858526
7.94357075069 0.00530793608881 127.721244869
7.94429414389 0.00444182031849 133.743738651
7.94497166057 0.00379134327719 139.84190102
7.94528878205 0.00351989348688 145.725259999
7.94585550124 0.00317693676669 151.724443457
7.94670828444 0.00276553384486 157.82597376
7.94760714688 0.00244403765681 163.901285675
7.94859170946 0.00220825011215 168.56874995
7.94961765306 0.0020191398169 172.207617403
7.95009567945 0.00196189400417 175.240893377
7.95057244993 0.00193036244578 178.28561669
7.95093437681 0.00192318050029 -179.416561162
7.95105438857 0.00192394600547 -178.028636676
7.95078840559 0.00191465385888 -178.00218887
7.94692386633 0.00177823330943 -177.965424738
7.94095630729 0.00156378204182 -177.877671913
7.92310290746 0.00086379292525 -177.744477176
7.89968507377 -5.69255799037e-05 -177.758064794
7.8685438666 -0.0012521236267 -177.831773981
7.83026631279 -0.00278637142341 -177.632705498
7.79025672151 -0.00444182582208 -177.628224107
7.7504538404 -0.00609933133707 -177.585650706
7.71048024079 -0.00779377520177 -177.571193372
7.67045197539 -0.00949493308274 -177.557507276
7.63070468082 -0.0112053610328 -177.512619488
7.59070091154 -0.0129440569799 -177.509763664
7.55068346965 -0.0146907254182 -177.491539491
7.51092908373 -0.0164554350377 -177.45198418
7.47091039539 -0.0182383650003 -177.441186756
7.43101083493 -0.0200329909604 -177.39341383
7.39116076563 -0.0218478819209 -177.390949899
7.35113804028 -0.0236767032974 -177.376264158
7.31124625463 -0.0255253762875 -177.332782683
7.27139515301 -0.0273831640472 -177.328182862
7.23146387005 -0.029255976951 -177.282277797
7.19148126849 -0.031158291149 -177.275157562
7.15161213283 -0.0330592201076 -177.261676856
7.11171116655 -0.0349822891258 -177.221332215
7.07171672994 -0.0369238559876 -177.219803951
7.03186518334 -0.0388656538913 -177.199322814
6.99194561967 -0.0408372696304 -177.168932311
6.95193412254 -0.0428176545859 -177.157870003
6.91219674448 -0.0447981941247 -177.197299752
6.8719809217 -0.0462390931891 -178.624618332
6.83194639114 -0.0471341861551 -178.723228317
6.79228107624 -0.0478313931132 -179.527671248
6.75224029779 -0.048159683517 -179.528208559
6.71248157483 -0.0484782731522 -179.735532863
6.67258411252 -0.0484459315611 179.895144124
6.63256105018 -0.0483727159675 179.888753536
6.5928296798 -0.0480380312538 179.321695069
6.55294307696 -0.0475656650677 179.32108228
6.51297294103 -0.0470858838122 179.297918631
6.47293299962 -0.0465950413187 179.29556708
6.433050548 -0.046104503191 179.293212267
6.39308241004 -0.0455979099708 179.267910531
6.35304575376 -0.045085962931 179.266948827
6.31322552317 -0.0445737578578 179.242533968
6.27318801317 -0.0440443348583 179.241153216
6.23315257773 -0.0435139787642 179.240482461
6.19333295255 -0.0429767787207 179.216461421
6.15329507876 -0.0424286682335 179.214877712
6.11332364181 -0.041879311023 179.185761321
6.07346095276 -0.041310333437 179.180407103
6.03342584012 -0.0407374409724 179.179678644
5.99345800473 -0.0401587316901 179.15603918
5.95356840762 -0.0395701469841 179.153745158
5.91353882186 -0.0389788384798 179.150633127
5.87357108557 -0.0383724069891 179.125467394
5.83368600928 -0.0377639890839 179.124200865
5.79373266609 -0.0371438936521 179.07109246
5.75369199644 -0.0364935571305 179.068304727
5.71380900937 -0.0358448923065 179.067347353
5.67386106775 -0.0351800713821 179.036202746
5.63382579024 -0.0345059655384 179.034847217
5.59399598374 -0.0338336501333 179.010845471
5.55397164415 -0.0331434404099 179.009115819
5.51393860924 -0.0324508671105 179.008384513
5.47412291296 -0.0317538269936 178.984844821
5.43408670681 -0.0310440646264 178.982571035
5.39407082902 -0.0303327477301 178.972817235
5.35425589523 -0.0295893960216 178.920282777
5.31422354984 -0.0288346331616 178.919404543
5.27425754437 -0.0280752521306 178.947896755
5.23437841917 -0.0276441897266 179.499539844
5.19434307026 -0.027293494607 179.495321077
5.15434129238 -0.0269204956579 179.453438038
5.11445148136 -0.0265392706459 179.451705486
5.07448360137 -0.0261517488273 179.418140869
5.03444171721 -0.0257447006633 179.41578699
4.99455494404 -0.025337818883 179.415087419
4.95457645038 -0.0249198316267 179.390152482
4.91453625611 -0.0244934381162 179.387818562
4.87469188775 -0.0240665488427 179.369912143
4.8346815386 -0.0236186319788 179.355746518
4.79464458901 -0.0231681488929 179.354871667
4.75481869038 -0.0227129253411 179.330023732
4.71477779319 -0.0222446056954 179.327393834
4.67474503811 -0.0217744731646 179.325401871
4.63491544297 -0.0212921317669 179.299916772
4.5948776246 -0.0208023597843 179.298560209
4.55490128136 -0.020309172829 179.273271174
4.5150122392 -0.0198038044864 179.271167977
4.47497680824 -0.0192943475335 179.270461845
4.43500196153 -0.0187744444578 179.244540441
4.39511288317 -0.0182476197104 179.242541202
4.35512117555 -0.0177179204625 179.223912113
4.31509956132 -0.0171722886181 179.215308945
4.27521398754 -0.0166257692977 179.214512665
4.23524019391 -0.0160702047241 179.189579475
4.19520011279 -0.0155028588636 179.187076229
4.1553197228 -0.0149367719367 179.184701369
4.1153392099 -0.0143555527772 179.16040102
4.07530306087 -0.0137683630931 179.159183705
4.03547785548 -0.0131795464354 179.133854633
3.99544039262 -0.0125748290075 179.131917855
3.95540683666 -0.0119681552792 179.130931856
3.91558334289 -0.0113524555716 179.104929624
3.87554609458 -0.010726153103 179.10306905
3.83556486558 -0.0100987663291 179.080773728
3.79568528271 -0.00945788365801 179.076014111
3.75565144723 -0.0088121040383 179.075210013
3.71568074326 -0.00815831529714 179.049643756
3.67579237434 -0.00749564930565 179.047200076
3.635767119 -0.00682968347693 179.043362076
3.59578338222 -0.00615025021395 179.02017298
3.55589904966 -0.00546771563846 179.019112011
3.51592657475 -0.00477829827937 178.993566406
3.47589018726 -0.00407471129285 178.991779156
3.43600800619 -0.00337270712716 178.991027791
3.39603523654 -0.00265780070104 178.965583663
3.35600002719 -0.00193420606786 178.9638834
3.3161748948 -0.0012119751354 178.939838729
3.27614285204 -0.000471267307797 178.936945964
3.23611090494 0.000271677911052 178.936088788
3.19629184771 0.00102032218781 178.910532432
3.15625560098 0.00178267209594 178.90819075
3.11623817749 0.00254567041698 178.901823996
3.07640074189 0.00331980202567 178.881648596
3.03636851667 0.00410155474704 178.88063809
2.99640011578 0.00488861359686 178.854749549
2.95651498323 0.00568642453519 178.85274679
2.91648508423 0.00648820128525 178.851853195
2.87651176727 0.0073007785073 178.826128693
2.83662881294 0.0081186574249 178.824615289
2.79662260232 0.00873980415623 179.470682774
2.75657870562 0.009110599592 179.467598025
2.71669888863 0.00947804747746 179.548671915
2.67679271006 0.00952022905442 -179.918791521
2.63675375034 0.00946211891882 -179.916108402
2.59685105349 0.00940209882224 -179.908090431
2.55682718882 0.00933219329516 -179.89540788
2.51678713443 0.00925833981314 -179.893174382
2.47689249762 0.00917948612707 -179.877060599
2.43686220646 0.0090895546225 -179.869673492
2.39681681703 0.00899728932978 -179.864224647
2.35694101053 0.00889433109157 -179.843069562
2.31690061006 0.00878379429042 -179.840662441
2.27696776107 0.00856005825839 -179.407651517
2.23715400793 0.00813109940902 -179.374976277
2.19711505293 0.00769324058389 -179.371485738
2.15713228823 0.00724356348216 -179.325648319
2.11724530041 0.00677267111023 -179.322136932
2.07718313884 0.00629610117514 -179.308164062
2.03723077434 0.00579795873251 -179.270273853
1.99734347063 0.00528893172376 -179.267360765
1.95732039938 0.00477072264094 -179.23688962
1.91733498032 0.00422393176802 -179.214100217
1.87743771972 0.00367501118973 -179.206324082
1.83748218393 0.00310575180917 -179.158861003
1.79744577548 0.00251698207895 -179.156087491
1.75753700427 0.001924627248 -179.139923149
1.71759823179 0.0013030825436 -179.099104056
1.67756076995 0.000672212198604 -179.095178266
1.63775055363 3.07666367255e-05 -179.042797772
1.59771417777 -0.00063891770832 -179.040951391
1.55765416316 -0.00131264221554 -179.026619585
1.51786427662 -0.00200644216586 -178.985427416
1.47782959069 -0.00271619367965 -178.983807247
1.43782563981 -0.00343298644728 -178.946532328
1.39797848278 -0.00417643673654 -178.929973401
1.35793001619 -0.0049260142964 -178.920818016
1.31798012661 -0.00569416016067 -178.875460671
1.27809635502 -0.00647769092757 -178.874274407
1.23804366676 -0.00726946278856 -178.856950967
1.19809786703 -0.00808747618863 -178.820087281
1.15821333091 -0.00890980037635 -178.816819009
1.11825323493 -0.00974873537733 -178.765878714
1.07822007661 -0.0106117141147 -178.764769784
1.03831436383 -0.0114752330941 -178.750567216
0.998375372852 -0.0123645809131 -178.710475948
0.958344506349 -0.013266449069 -178.708677576
0.918509423229 -0.0141724287322 -178.666017016
0.878502012858 -0.0151110524282 -178.655240509
0.838453200138 -0.0160529404465 -178.644152383
0.798661756879 -0.0170100030768 -178.60100611
0.758632526628 -0.0179882394328 -178.599774155
0.718588453741 -0.0189720688479 -178.580860162
0.678792875542 -0.0199786275549 -178.545839108
0.638761539776 -0.0209957819086 -178.541911385
0.598807733906 -0.0220271161721 -178.491562405
0.55892912725 -0.0230778120995 -178.490595094
0.518878586361 -0.0241365511941 -178.476151009
0.478943936342 -0.0252179349567 -178.436513352
0.439067648079 -0.0263070631455 -178.434539732
0.39910110758 -0.0274085468339 -178.387138169
0.359085607694 -0.0285388087529 -178.381442652
0.319188920724 -0.0296681578832 -178.369128881
0.279255481645 -0.0308206251782 -178.327303682
0.239231620533 -0.0319900714879 -178.32601102
0.199349094783 -0.0331609559514 -178.304834945
0.159316173089 -0.0341643035947 -179.185128757
0.119141419353 -0.0342835230915 179.856625831
0.0792733024926 -0.0341786012174 179.844985517
0.0392322966329 -0.0340696888108 179.84350688
-0.000779627172288 -0.0339588041782 179.831849985
-0.0406733838337 -0.033841019851 179.829299331
-0.0807119725133 -0.0337215520199 179.828566007
-0.120723643732 -0.0335968068473 179.815719971
-0.160616513863 -0.0334676125561 179.813579306
-0.200637504381 -0.0333367483409 179.806241114
-0.240668022542 -0.0331974035469 179.798158573
-0.280557297974 -0.033056591521 179.797237386
-0.320564296166 -0.0329111019107 179.783227607
-0.360607788855 -0.0327594286176 179.780831507
-0.400493725336 -0.0326066730909 179.778996468
-0.440503612066 -0.032444455833 179.763411923
-0.480544135617 -0.0322785619161 179.762026245
-0.520397221748 -0.0321107070194 179.74655187
-0.560440555271 -0.0319330529463 179.744237119
-0.600478882196 -0.0317541494464 179.743507046
-0.640332235209 -0.0315689880243 179.727139097
-0.680374494482 -0.0313774133401 179.725063306
-0.72038547326 -0.031184562558 179.71374327
-0.760267178213 -0.0309815294598 179.706145166
-0.800305512289 -0.0307765285362 179.705099491
-0.840302881951 -0.0305649832705 179.686534837
-0.880196428674 -0.0303457876649 179.68403951
-0.920231151631 -0.0301248696851 179.682002347
-0.960233433644 -0.0298933456345 179.664065926
-1.00012340051 -0.0296589586453 179.662767622
-1.0401182788 -0.0294202046462 179.643694863
-1.08016086481 -0.0291708001856 179.641610114
-1.12004873977 -0.0289211286425 179.64087934
-1.16003951598 -0.028663012158 179.622382149
-1.20008089568 -0.0283982876894 179.620468791
-1.23992920543 -0.028133235751 179.603899015
-1.27996319326 -0.0278536426573 179.597962631
-1.32000139724 -0.0275724531543 179.597158106
-1.35984049471 -0.0272856943557 179.576592865
-1.39988274441 -0.026989543524 179.574008319
-1.4399133024 -0.0266914502669 179.570305731
-1.4797590618 -0.0263813966558 179.549920895
-1.51979813502 -0.0260664180718 179.548737814
-1.55978381349 -0.0257470583328 179.526286672
-1.59967554439 -0.02541689734 179.524344086
-1.63971260788 -0.0250843523003 179.52357576
-1.67969677843 -0.024742403587 179.501080907
-1.71958713506 -0.0243942816304 179.499336349
-1.75957272306 -0.0240432160806 179.477594361
-1.79961021349 -0.0236767964593 179.473847257
-1.83949762762 -0.0233102829384 179.473101654
-1.87947755093 -0.0229354158602 179.449459281
-1.91951925716 -0.0225496596588 179.447076721
-1.95939556079 -0.0221645812633 179.442070803
-1.99938774419 -0.0217631839034 179.420860091
-2.03942570394 -0.0213580760241 179.419797847
-2.07925241436 -0.0209501702178 179.395190898
-2.11929323668 -0.0205270732037 179.393214927
-2.15932912934 -0.0201029077417 179.392355309
-2.19915707545 -0.0196682744788 179.366703282
-2.23919544893 -0.0192258047964 179.364852724
-2.27917046008 -0.0187798926939 179.33888214
-2.31905904015 -0.0183191295107 179.336454968
-2.35909528876 -0.0178552538363 179.335749391
-2.39907093964 -0.0173826519455 179.310736341
-2.43896038356 -0.0169027375281 179.308409174
-2.47897688963 -0.0164190360206 179.299680633
-2.51897228145 -0.0159190977043 179.280388906
-2.5588588973 -0.0154177755298 179.279438408
-2.59883364424 -0.0149101095663 179.254048833
-2.63887403737 -0.0143879826011 179.251826847
-2.67875783438 -0.0138670483176 179.25052749
-2.71873435419 -0.0133312022178 179.224751463
-2.75877185356 -0.0127888101702 179.223265086
-2.79859647113 -0.0122469497908 179.197677038
-2.83862323191 -0.0117616344792 179.723942839
-2.87864507777 -0.0120705551791 -178.919055117
-2.91847175701 -0.0128401725584 -178.856698642
-2.958501323 -0.0136410552183 -178.852427951
-2.99855802494 -0.0144460007571 -178.838643665
-3.03834098619 -0.0152692499933 -178.795551398
-3.07837265917 -0.0161119012385 -178.792633581
-3.11839990392 -0.0169615714722 -178.766073291
-3.15820941861 -0.0178378839368 -178.735666424
-3.19824990433 -0.0187232050711 -178.72824943
-3.23819354218 -0.0196256892336 -178.678255326
-3.27807368796 -0.020546790036 -178.675498689
-3.31812659453 -0.0214772510376 -178.659898905
-3.35805616973 -0.02243328329 -178.618115902
-3.39793672172 -0.0233964732596 -178.614335414
-3.43788731347 -0.0243748208173 -178.561312917
-3.47791443522 -0.0253815095959 -178.557943684
-3.51781664478 -0.0263888613425 -178.543984238
-3.55774232273 -0.0274216133201 -178.500479823
-3.59776920255 -0.0284704658871 -178.497476909
-3.63762592508 -0.0295225954232 -178.465335459
-3.67759274363 -0.0306094639059 -178.439768876
-3.71763247608 -0.031701873818 -178.430438817
-3.75741485352 -0.0328076347078 -178.381881856
-3.79744028927 -0.0339389933882 -178.380475576
-3.8374860784 -0.0350758558996 -178.364039732
-3.87727112795 -0.036232921908 -178.326329456
-3.91729676735 -0.0374032546167 -178.323246814
-3.9572484998 -0.0385855845716 -178.272705165
-3.99712264427 -0.039788661042 -178.271534467
-4.03716883853 -0.0410000698585 -178.257692305
-4.07709892177 -0.0422323044607 -178.217618727
-4.11697057469 -0.0434737941477 -178.215964396
-4.15695658222 -0.0447266609528 -178.17764995
-4.19694418162 -0.0460085650549 -178.162870337
-4.23683189429 -0.0472896062744 -178.152550385
-4.27676493356 -0.0485924962921 -178.10907945
-4.3167976288 -0.0499109184015 -178.198851504
-4.35665502085 -0.0507714297778 -178.987534215
-4.39664344291 -0.0514903942497 -178.96809543
-4.43667781245 -0.0522122140645 -178.965445484
-4.47623361051 -0.0528999945824 -179.288801562
-4.51634699082 -0.0530696496815 -179.881722917
-4.55640293205 -0.053154925694 -179.870377855
-4.5962708401 -0.0532516745376 -179.858417086
-4.63631068148 -0.0533512711884 -179.856767446
-4.67634037879 -0.0534582285767 -179.83317898
-4.71623120178 -0.0535753956815 -179.831058601
-4.7562809855 -0.0536948520122 -179.8239542
-4.7962989113 -0.053828258102 -179.802268672
-4.83618879024 -0.0539663726202 -179.800999531
-4.87622798727 -0.0541104005886 -179.778294693
-4.91625491913 -0.0542703142855 -179.770159513
-4.95614617942 -0.0544311511009 -179.767135439
-4.99616654688 -0.0546061567904 -179.736468423
-5.03620711888 -0.0547906098906 -179.735483728
-5.07611982183 -0.0549777923287 -179.719248953
-5.11611752573 -0.0551849213998 -179.699997
-5.15615707511 -0.0553952727139 -179.698188385
-5.19602168345 -0.0556153894087 -179.662418958
-5.23606321579 -0.0558516642841 -179.661468056
-5.2761174292 -0.056089846509 -179.651945956
-5.3159651538 -0.0563465573602 -179.622484604
-5.35600426761 -0.0566108917114 -179.621137181
-5.39602620358 -0.0568816966128 -179.588577588
-5.43590273575 -0.0571729700064 -179.581090253
-5.47594392847 -0.0574665960192 -179.577652542
-5.5159450766 -0.0577772054577 -179.539029607
-5.55583485145 -0.0580984385955 -179.538061125
-5.59589324964 -0.0584246211435 -179.520123034
-5.6358747935 -0.0587745334994 -179.495148849
-5.67576309126 -0.0591267378756 -179.493189559
-5.71575646567 -0.0594922953839 -179.451313508
-5.75579721088 -0.0598760350054 -179.450499452
-5.79568712302 -0.0602599438844 -179.446455874
-5.83565715648 -0.0606621041939 -179.414411273
-5.87569470637 -0.0610718184247 -179.412974062
-5.91551877677 -0.061484093638 -179.38201679
-5.95555011472 -0.0619190292548 -179.377224197
-5.99568546163 -0.0622167145198 179.869515957
-6.03552510322 -0.0619617543543 179.587400606
-6.07556477483 -0.0616723245752 179.584146748
-6.11554587524 -0.0613775776934 179.55271489
-6.15545158973 -0.0610603639044 179.542418828
-6.19548832342 -0.0607401947977 179.540112433
-6.23547791084 -0.0604050094374 179.502996168
-6.27536805965 -0.060058325972 179.501283133
-6.31537546883 -0.0597089714318 179.487493191
-6.35538395202 -0.0593448227936 179.475938987
-6.39527155544 -0.0589797923449 179.475213792
-6.4352464759 -0.0586078086538 179.453467111
-6.47528823661 -0.0582249522217 179.451256361
-6.51517391532 -0.0578428057802 179.449738917
-6.55514696611 -0.0574492323023 179.429730287
-6.59518508502 -0.0570503201974 179.428696872
-6.63501117121 -0.0566499749112 179.405020002
-6.67504841858 -0.0562351941782 179.403769975
-6.7150851075 -0.0558184446368 179.403092131
-6.75490685251 -0.0553938796224 179.379413549
-6.79494607154 -0.0549594901798 179.377828797
-6.83494317258 -0.0545244064595 179.359457499
-6.87480117727 -0.054077628621 179.354972105
-6.91483779334 -0.05362672851 179.35429064
-6.95480697247 -0.0531702663412 179.330679628
-6.99469797487 -0.0527034714469 179.328462315
-7.03473094034 -0.0522340549427 179.326147496
-7.07470170118 -0.0517506291016 179.301498281
-7.11458870791 -0.0512639900819 179.300518922
-7.1545546331 -0.0507730622487 179.278977614
-7.19459390945 -0.0502689093094 179.27724436
-7.23447984097 -0.0497656195601 179.276483759
-7.27445102865 -0.0492512281697 179.252068647
-7.31448903718 -0.0487280432232 179.250523899
-7.35431564546 -0.0482056072324 179.223762273
-7.39433429365 -0.0476622974227 179.220481356
-7.43436915313 -0.0471180037908 179.218503861
-7.4741832134 -0.0465596903125 179.169046206
-7.51422231533 -0.0459781335896 179.166964455
-7.55424951989 -0.0453957623822 179.162750405
-7.59406289231 -0.0447991063628 179.136670979
-7.63409797742 -0.0441955316792 179.135830634
-7.67406218435 -0.0435891513955 179.113725419
-7.71395170893 -0.0429711796246 179.111401384
-7.75398581282 -0.0423503169106 179.110581572
-7.79395556578 -0.0417197649664 179.086108505
-7.83384157213 -0.0410829519547 179.084715563
-7.87381109555 -0.0404424599743 179.055711073
-7.91383572095 -0.0397841072985 179.055066075
-7.95371932248 -0.0391263842128 179.054080198
-7.99366991496 -0.0384484982611 178.998484167
