171 1451
2.578858930350366 -0.014371330906338131 -179.75383802154178
166 1456
2.5861888949982745 0.03346916823068411 -177.04710232760857
181 1441
2.578480543352664 -0.03269387475251561 -179.76311769428997
149 1473
2.5603975494755695 0.12767880087574915 -173.93281749024797
201 1421
2.535307745406763 -0.20596436812270455 168.65418670681402
24 1635
2.579434681014105 -0.013856452701762835 178.20045118957935
106 1519
2.5883708315748013 0.22788145048343342 -176.3151515612898
59 1580
2.54168455782975 0.03618901825622409 175.2137006951717
7 1665
2.567830272222826 -0.17918470361450173 176.07082957709017
367 1250
2.5818126144999143 0.1331550442333899 -179.5686883855732
378 1239
2.584841816725435 0.1361740046254834 -179.82784207336024
339 1276
2.5800206115223476 0.03276306718904644 169.96680241675108
413 1204
2.6052832106213546 0.04458909322952428 176.55536506123292
450 1168
2.5720209342318268 0.19463609813066424 -179.24629290797614
487 1134
2.5477173819308505 0.4081089363323833 -163.1337018444333
510 1116
2.428029863151891 0.31326788104862874 -171.19033569664415
654 977
2.582441938944734 0.03385509260572707 -179.5105057150682
647 984
2.571402526940132 0.014440213341050548 179.07283350412862
691 946
2.5739883034728095 0.023465464502089105 176.09697453432622
623 1005
2.5693729337403437 0.002651535154016456 -173.1767131927573
729 916
2.5597027356697186 0.1179959942869549 178.8266775469658
751 901
2.5656169555902046 0.1609266817319747 -178.70804001355376
770 888
2.4438025678144824 0.26543253351027163 -173.1445421120361